1 4642 4643 3
2 4642 4643 3
3 4642 4643 3
4 4642 4643 3
5 4642 4643 3
6 4642 4643 3
7 4642 4643 3
8 4642 4643 3
9 4642 4643 3
10 4642 4643 3
11 4642 4643 3
12 4642 4643 3
13 4642 4643 3
14 4642 4643 3
15 4642 4643 3
16 4642 4643 3
17 4642 4643 3
18 4642 4643 3
19 4642 4643 3
20 4642 4643 3
21 4642 4643 3
22 4642 4643 3
23 4642 4643 3
24 4642 4643 3
25 4642 4643 3
26 4642 4643 3
27 4642 4643 3
28 4642 4643 3
29 4642 4643 3
30 4642 4643 3
31 4642 4643 3
32 4642 4643 3
33 4642 4643 3
34 4642 4643 3
35 4642 4643 3
36 4642 4643 3
37 4642 4643 3
38 4642 4643 3
39 4642 4643 3
40 4642 4643 3
41 4642 4643 3
42 4642 4643 3
43 4642 4643 3
44 4642 4643 3
45 4642 4643 3
46 4642 4643 3
47 4642 4643 3
48 4642 4643 3
49 4642 4643 3
50 4642 4643 3
51 4642 4643 3
52 4642 4643 3
53 4642 4643 3
54 4642 4643 3
55 4642 4643 3
56 4642 4643 3
57 4642 4643 3
58 4642 4643 3
59 4642 4643 3
60 4642 4643 3
61 4642 4643 3
62 4642 4643 3
63 4642 4643 3
64 4642 4643 3
65 4642 4643 3
66 4642 4643 3
67 4642 4643 3
68 4642 4643 3
69 4642 4643 3
70 4642 4643 3
71 4642 4643 3
72 4642 4643 3
73 4642 4643 3
74 4642 4643 3
75 4642 4643 3
76 4642 4643 3
77 4642 4643 3
78 4642 4643 3
79 4642 4643 3
80 4642 4643 3
81 4642 4643 3
82 4642 4643 3
83 4642 4643 3
84 4642 4643 3
85 4642 4643 3
86 4642 4643 3
87 4642 4643 3
88 4642 4643 3
89 4642 4643 3
90 4642 4643 3
91 4642 4643 3
92 4642 4643 3
93 4642 4643 3
94 4642 4643 3
95 4642 4643 3
96 4642 4643 3
97 4642 4643 3
98 4642 4643 3
99 4642 4643 3
100 4642 4643 3
101 4642 4643 3
102 4642 4643 3
103 4642 4643 3
104 4642 4643 3
105 4642 4643 3
106 4642 4643 3
107 4642 4643 3
108 4642 4643 3
109 4642 4643 3
110 4642 4643 3
111 4642 4643 3
112 4642 4643 3
113 4642 4643 3
114 4642 4643 3
115 4642 4643 3
116 4642 4643 3
117 4642 4643 3
118 4642 4643 3
119 4642 4643 3
120 4642 4643 3
121 4642 4643 3
122 4642 4643 3
123 4642 4643 3
124 4642 4643 3
125 4642 4643 3
126 4642 4643 3
127 4642 4643 3
128 4642 4643 3
129 4642 4643 3
130 4642 4643 3
131 4642 4643 3
132 4642 4643 3
133 4642 4643 3
134 4642 4643 3
135 4642 4643 3
136 4642 4643 3
137 4642 4643 3
138 4642 4643 3
139 4642 4643 3
140 4642 4643 3
141 4642 4643 3
142 4642 4643 3
143 4642 4643 3
144 4642 4643 3
145 4642 4643 3
146 4642 4643 3
147 4642 4643 3
148 4642 4643 3
149 4642 4643 3
150 4642 4643 3
151 4642 4643 3
152 4642 4643 3
153 4642 4643 3
154 4642 4643 3
155 4642 4643 3
156 4642 4643 3
157 4642 4643 3
158 4642 4643 3
159 4642 4643 3
160 4642 4643 3
161 4642 4643 3
162 4642 4643 3
163 4642 4643 3
164 4642 4643 3
165 4642 4643 3
166 4642 4643 3
167 4642 4643 3
168 4642 4643 3
169 4642 4643 3
170 4642 4643 3
171 4642 4643 3
172 4642 4643 3
173 4642 4643 3
174 4642 4643 3
175 4642 4643 3
176 4642 4643 3
177 4642 4643 3
178 4642 4643 3
179 4642 4643 3
180 4642 4643 3
181 4642 4643 3
182 4642 4643 3
183 4642 4643 3
184 4642 4643 3
185 4642 4643 3
186 4642 4643 3
187 4642 4643 3
188 4642 4643 3
189 4642 4643 3
190 4642 4643 3
191 4642 4643 3
192 4642 4643 3
193 4642 4643 3
194 4642 4643 3
195 4642 4643 3
196 4642 4643 3
197 4642 4643 3
198 4642 4643 3
199 4642 4643 3
200 4642 4643 3
201 4642 4643 3
202 4642 4643 3
203 4642 4643 3
204 4642 4643 3
205 4642 4643 3
206 4642 4643 3
207 4642 4643 3
208 4642 4643 3
209 4642 4643 3
210 4642 4643 3
211 4642 4643 3
212 4642 4643 3
213 4642 4643 3
214 4642 4643 3
215 4642 4643 3
216 4642 4643 3
217 4642 4643 3
218 4642 4643 3
219 4642 4643 3
220 4642 4643 3
221 4642 4643 3
222 4642 4643 3
223 4642 4643 3
224 4642 4643 3
225 4642 4643 3
226 4642 4643 3
227 4642 4643 3
228 4642 4643 3
229 4642 4643 3
230 4642 4643 3
231 4642 4643 3
232 4642 4643 3
233 4642 4643 3
234 4642 4643 3
235 4642 4643 3
236 4642 4643 3
237 4642 4643 3
238 4642 4643 3
239 4642 4643 3
240 4642 4643 3
241 4642 4643 3
242 4642 4643 3
243 4642 4643 3
244 4642 4643 3
245 4642 4643 3
246 4642 4643 3
247 4642 4643 3
248 4642 4643 3
249 4642 4643 3
250 4642 4643 3
251 4642 4643 3
252 4642 4643 3
253 4642 4643 3
254 4642 4643 3
255 4642 4643 3
256 4642 4643 3
257 4642 4643 3
258 4642 4643 3
259 4642 4643 3
260 4642 4643 3
261 4642 4643 3
262 4642 4643 3
263 4642 4643 3
264 4642 4643 3
265 4642 4643 3
266 4642 4643 3
267 4642 4643 3
268 4642 4643 3
269 4642 4643 3
270 4642 4643 3
271 4642 4643 3
272 4642 4643 3
273 4642 4643 3
274 4642 4643 3
275 4642 4643 3
276 4642 4643 3
277 4642 4643 3
278 4642 4643 3
279 4642 4643 3
280 4642 4643 3
281 4642 4643 3
282 4642 4643 3
283 4642 4643 3
284 4642 4643 3
285 4642 4643 3
286 4642 4643 3
287 4642 4643 3
288 4642 4643 3
289 4642 4643 3
290 4642 4643 3
291 4642 4643 3
292 4642 4643 3
293 4642 4643 3
294 4642 4643 3
295 4642 4643 3
296 4642 4643 3
297 4642 4643 3
298 4642 4643 3
299 4642 4643 3
300 4642 4643 3
301 4642 4643 3
302 4642 4643 3
303 4642 4643 3
304 4642 4643 3
305 4642 4643 3
306 4642 4643 3
307 4642 4643 3
308 4642 4643 3
309 4642 4643 3
310 4642 4643 3
311 4642 4643 3
312 4642 4643 3
313 4642 4643 3
314 4642 4643 3
315 4642 4643 3
316 4642 4643 3
317 4642 4643 3
318 4642 4643 3
319 4642 4643 3
320 4642 4643 3
321 4642 4643 3
322 4642 4643 3
323 4642 4643 3
324 4642 4643 3
325 4642 4643 3
326 4642 4643 3
327 4642 4643 3
328 4642 4643 3
329 4642 4643 3
330 4642 4643 3
331 4642 4643 3
332 4642 4643 3
333 4642 4643 3
334 4642 4643 3
335 4642 4643 3
336 4642 4643 3
337 4642 4643 3
338 4642 4643 3
339 4642 4643 3
340 4642 4643 3
341 4642 4643 3
342 4642 4643 3
343 4642 4643 3
344 4642 4643 3
345 4642 4643 3
346 4642 4643 3
347 4642 4643 3
348 4642 4643 3
349 4642 4643 3
350 4642 4643 3
351 4642 4643 3
352 4642 4643 3
353 4642 4643 3
354 4642 4643 3
355 4642 4643 3
356 4642 4643 3
357 4642 4643 3
358 4642 4643 3
359 4642 4643 3
360 4642 4643 3
361 4642 4643 3
362 4642 4643 3
363 4642 4643 3
364 4642 4643 3
365 4642 4643 3
366 4642 4643 3
367 4642 4643 3
368 4642 4643 3
369 4642 4643 3
370 4642 4643 3
371 4642 4643 3
372 4642 4643 3
373 4642 4643 3
374 4642 4643 3
375 4642 4643 3
376 4642 4643 3
377 4642 4643 3
378 4642 4643 3
379 4642 4643 3
380 4642 4643 3
381 4642 4643 3
382 4642 4643 3
383 4642 4643 3
384 4642 4643 3
385 4642 4643 3
386 4642 4643 3
387 4642 4643 3
388 4642 4643 3
389 4642 4643 3
390 4642 4643 3
391 4642 4643 3
392 4642 4643 3
393 4642 4643 3
394 4642 4643 3
395 4642 4643 3
396 4642 4643 3
397 4642 4643 3
398 4642 4643 3
399 4642 4643 3
400 4642 4643 3
401 4642 4643 3
402 4642 4643 3
403 4642 4643 3
404 4642 4643 3
405 4642 4643 3
406 4642 4643 3
407 4642 4643 3
408 4642 4643 3
409 4642 4643 3
410 4642 4643 3
411 4642 4643 3
412 4642 4643 3
413 4642 4643 3
414 4642 4643 3
415 4642 4643 3
416 4642 4643 3
417 4642 4643 3
418 4642 4643 3
419 4642 4643 3
420 4642 4643 3
421 18 334 1
422 18 89 1
423 18 292 1
424 18 242 1
425 18 109 1
426 18 392 1
427 18 389 1
428 18 203 1
429 18 361 1
430 18 271 1
431 18 409 1
432 18 372 1
433 18 60 1
434 18 118 1
435 18 170 1
436 18 299 1
437 18 97 1
438 18 382 1
439 18 25 1
440 18 237 1
441 14 353 1
442 14 342 1
443 14 398 1
444 14 156 1
445 14 377 1
446 14 235 1
447 14 286 1
448 14 302 1
449 14 47 1
450 14 116 1
451 14 148 1
452 14 294 1
453 14 261 1
454 14 22 1
455 14 383 1
456 14 231 1
457 14 315 1
458 14 418 1
459 14 66 1
460 14 416 1
461 6 264 1
462 6 270 1
463 6 187 1
464 6 241 1
465 6 278 1
466 6 412 1
467 6 122 1
468 6 129 1
469 6 285 1
470 6 65 1
471 6 256 1
472 6 174 1
473 6 49 1
474 6 373 1
475 6 343 1
476 6 344 1
477 6 312 1
478 6 293 1
479 6 53 1
480 6 321 1
481 11 410 1
482 11 288 1
483 11 102 1
484 11 284 1
485 11 99 1
486 11 70 1
487 11 158 1
488 11 151 1
489 11 182 1
490 11 358 1
491 11 161 1
492 11 104 1
493 11 380 1
494 11 371 1
495 11 384 1
496 11 207 1
497 11 106 1
498 11 365 1
499 11 146 1
500 11 328 1
501 15 124 1
502 15 112 1
503 15 149 1
504 15 193 1
505 15 193 1
506 15 64 1
507 15 329 1
508 15 96 1
509 15 96 1
510 15 408 1
511 15 247 1
512 15 4643 2
513 15 276 1
514 15 340 1
515 15 186 1
516 15 225 1
517 15 88 1
518 15 414 1
519 15 308 1
520 15 206 1
521 15 190 1
522 15 411 1
523 2 333 1
524 2 333 1
525 2 228 1
526 2 24 1
527 2 337 1
528 2 388 1
529 2 181 1
530 2 113 1
531 2 370 1
532 2 234 1
533 2 137 1
534 2 221 1
535 2 341 1
536 2 114 1
537 2 413 1
538 2 265 1
539 2 265 1
540 2 390 1
541 2 67 1
542 2 322 1
543 2 62 1
544 2 108 1
545 4 268 1
546 4 81 1
547 4 378 1
548 4 378 1
549 4 238 1
550 4 176 1
551 4 147 1
552 4 296 1
553 4 139 1
554 4 251 1
555 4 52 1
556 4 134 1
557 4 172 1
558 4 326 1
559 4 267 1
560 4 183 1
561 4 226 1
562 4 222 1
563 4 259 1
564 4 360 1
565 4 86 1
566 10 272 1
567 10 79 1
568 10 79 1
569 10 4643 2
570 10 191 1
571 10 250 1
572 10 260 1
573 10 120 1
574 10 120 1
575 10 255 1
576 10 320 1
577 10 45 1
578 10 135 1
579 10 374 1
580 10 310 1
581 10 230 1
582 10 68 1
583 10 164 1
584 10 164 1
585 10 50 1
586 10 227 1
587 10 29 1
588 10 29 1
589 10 145 1
590 9 295 1
591 9 319 1
592 9 402 1
593 9 51 1
594 9 100 1
595 9 107 1
596 9 136 1
597 9 40 1
598 9 304 1
599 9 338 1
600 9 307 1
601 9 155 1
602 9 166 1
603 9 266 1
604 9 87 1
605 9 72 1
606 9 27 1
607 9 336 1
608 9 208 1
609 9 335 1
610 17 239 1
611 17 123 1
612 17 123 1
613 17 351 1
614 17 91 1
615 17 91 1
616 17 35 1
617 17 244 1
618 17 36 1
619 17 290 1
620 17 85 1
621 17 357 1
622 17 366 1
623 17 401 1
624 17 393 1
625 17 74 1
626 17 32 1
627 17 178 1
628 17 175 1
629 17 201 1
630 17 4643 2
631 17 115 1
632 17 4643 2
633 1 246 1
634 1 399 1
635 1 399 1
636 1 232 1
637 1 167 1
638 1 236 1
639 1 327 1
640 1 213 1
641 1 180 1
642 1 34 1
643 1 281 1
644 1 150 1
645 1 188 1
646 1 44 1
647 1 404 1
648 1 400 1
649 4642 254 2
650 1 219 1
651 1 21 1
652 1 350 1
653 1 347 1
654 8 359 1
655 8 197 1
656 8 385 1
657 8 75 1
658 8 368 1
659 8 368 1
660 8 142 1
661 8 301 1
662 8 163 1
663 8 163 1
664 8 185 1
665 8 229 1
666 8 332 1
667 8 43 1
668 8 324 1
669 8 303 1
670 8 73 1
671 8 23 1
672 8 375 1
673 8 61 1
674 8 277 1
675 8 291 1
676 5 364 1
677 5 98 1
678 5 407 1
679 5 403 1
680 5 298 1
681 5 289 1
682 5 143 1
683 5 138 1
684 5 300 1
685 5 119 1
686 5 297 1
687 5 78 1
688 5 78 1
689 5 348 1
690 5 110 1
691 4642 128 2
692 5 248 1
693 5 117 1
694 5 168 1
695 5 168 1
696 5 218 1
697 5 162 1
698 19 262 1
699 19 30 1
700 19 318 1
701 19 103 1
702 19 59 1
703 19 171 1
704 19 126 1
705 19 376 1
706 19 56 1
707 19 194 1
708 19 349 1
709 19 132 1
710 19 4643 2
711 19 305 1
712 19 127 1
713 19 196 1
714 19 80 1
715 19 121 1
716 19 346 1
717 19 133 1
718 3 152 1
719 3 95 1
720 3 209 1
721 3 330 1
722 3 71 1
723 3 287 1
724 3 287 1
725 3 215 1
726 3 212 1
727 3 282 1
728 3 58 1
729 3 397 1
730 3 42 1
731 3 42 1
732 3 159 1
733 3 77 1
734 3 405 1
735 3 363 1
736 3 144 1
737 3 316 1
738 3 101 1
739 3 173 1
740 20 165 1
741 20 245 1
742 20 396 1
743 20 220 1
744 20 131 1
745 20 154 1
746 20 46 1
747 20 331 1
748 20 395 1
749 20 283 1
750 20 31 1
751 20 189 1
752 20 125 1
753 20 94 1
754 20 306 1
755 20 37 1
756 20 39 1
757 20 352 1
758 20 84 1
759 20 111 1
760 12 199 1
761 12 205 1
762 12 93 1
763 12 309 1
764 12 233 1
765 12 258 1
766 12 57 1
767 12 160 1
768 12 325 1
769 12 69 1
770 12 253 1
771 12 211 1
772 12 26 1
773 12 26 1
774 12 210 1
775 12 192 1
776 12 269 1
777 12 406 1
778 12 323 1
779 12 141 1
780 12 274 1
781 16 157 1
782 16 217 1
783 16 240 1
784 16 275 1
785 16 184 1
786 16 200 1
787 16 279 1
788 16 48 1
789 16 214 1
790 16 249 1
791 16 82 1
792 4642 386 2
793 16 55 1
794 16 394 1
795 16 391 1
796 16 28 1
797 16 369 1
798 16 90 1
799 16 280 1
800 16 83 1
801 7 339 1
802 7 317 1
803 7 379 1
804 7 92 1
805 7 195 1
806 7 195 1
807 7 54 1
808 7 387 1
809 7 33 1
810 7 33 1
811 7 263 1
812 7 415 1
813 7 252 1
814 7 356 1
815 7 140 1
816 7 345 1
817 7 355 1
818 7 354 1
819 7 4643 2
820 7 76 1
821 7 76 1
822 7 216 1
823 7 63 1
824 13 224 1
825 13 257 1
826 13 257 1
827 13 223 1
828 13 177 1
829 13 311 1
830 13 130 1
831 13 362 1
832 13 243 1
833 13 417 1
834 13 381 1
835 13 314 1
836 13 105 1
837 13 38 1
838 13 420 1
839 13 313 1
840 13 179 1
841 13 198 1
842 13 198 1
843 13 41 1
844 13 41 1
845 13 204 1
846 13 169 1
847 654 182 1
848 654 32 1
849 654 282 1
850 654 358 1
851 654 156 1
852 654 725 1
853 654 725 1
854 654 353 1
855 654 333 1
856 654 333 1
857 654 82 1
858 654 592 1
859 654 25 1
860 654 59 1
861 654 93 1
862 654 123 1
863 654 329 1
864 654 329 1
865 654 49 1
866 654 537 1
867 654 102 1
868 654 214 1
869 654 69 1
870 734 638 1
871 734 180 1
872 734 406 1
873 734 215 1
874 734 267 1
875 734 236 1
876 734 89 1
877 734 801 1
878 734 366 1
879 734 343 1
880 734 210 1
881 734 37 1
882 734 205 1
883 734 64 1
884 734 550 1
885 734 70 1
886 734 240 1
887 734 735 1
888 734 181 1
889 734 342 1
890 783 116 1
891 783 151 1
892 783 221 1
893 783 244 1
894 783 112 1
895 783 250 1
896 783 138 1
897 783 281 1
898 783 516 1
899 783 516 1
900 783 99 1
901 783 183 1
902 783 351 1
903 783 376 1
904 783 48 1
905 783 364 1
906 783 152 1
907 783 152 1
908 783 308 1
909 783 86 1
910 783 283 1
911 783 75 1
912 609 43 1
913 609 249 1
914 609 287 1
915 609 416 1
916 609 290 1
917 609 341 1
918 609 486 1
919 609 233 1
920 609 167 1
921 609 424 1
922 609 78 1
923 609 311 1
924 609 291 1
925 609 55 1
926 609 389 1
927 609 386 1
928 609 94 1
929 609 23 1
930 609 314 1
931 609 345 1
932 12 708 1
933 12 146 1
934 12 241 1
935 12 405 1
936 12 401 1
937 12 105 1
938 12 268 1
939 12 754 1
940 12 87 1
941 12 35 1
942 12 392 1
943 12 680 1
944 12 111 1
945 12 412 1
946 12 412 1
947 12 503 1
948 12 835 1
949 12 545 1
950 12 140 1
951 12 679 1
952 12 213 1
953 12 213 1
954 726 155 1
955 726 253 1
956 726 397 1
957 726 334 1
958 726 773 1
959 726 307 1
960 726 307 1
961 726 352 1
962 726 748 1
963 726 720 1
964 726 40 1
965 726 321 1
966 726 192 1
967 726 806 1
968 726 135 1
969 726 4643 2
970 726 286 1
971 726 398 1
972 726 398 1
973 726 98 1
974 726 706 1
975 726 363 1
976 651 786 1
977 651 209 1
978 651 239 1
979 651 317 1
980 651 317 1
981 651 259 1
982 651 258 1
983 651 228 1
984 651 170 1
985 651 371 1
986 651 324 1
987 651 153 1
988 651 206 1
989 651 160 1
990 651 92 1
991 651 222 1
992 651 74 1
993 651 279 1
994 651 313 1
995 651 374 1
996 651 780 1
997 461 30 1
998 461 248 1
999 461 442 1
1000 461 166 1
1001 461 420 1
1002 461 567 1
1003 461 157 1
1004 461 273 1
1005 461 46 1
1006 461 297 1
1007 461 379 1
1008 461 158 1
1009 461 189 1
1010 461 60 1
1011 461 296 1
1012 461 255 1
1013 461 142 1
1014 461 61 1
1015 461 493 1
1016 461 570 1
1017 17 339 1
1018 17 104 1
1019 17 372 1
1020 17 130 1
1021 17 546 1
1022 17 39 1
1023 17 39 1
1024 17 356 1
1025 17 369 1
1026 17 172 1
1027 17 229 1
1028 17 260 1
1029 17 53 1
1030 17 51 1
1031 17 504 1
1032 17 400 1
1033 17 285 1
1034 17 169 1
1035 17 390 1
1036 17 277 1
1037 17 403 1
1038 20 190 1
1039 20 338 1
1040 20 594 1
1041 20 132 1
1042 20 367 1
1043 20 318 1
1044 20 294 1
1045 20 409 1
1046 20 614 1
1047 20 347 1
1048 20 346 1
1049 20 207 1
1050 20 319 1
1051 20 319 1
1052 20 721 1
1053 20 100 1
1054 20 118 1
1055 20 128 1
1056 20 224 1
1057 20 404 1
1058 20 344 1
1059 16 4643 2
1060 16 361 1
1061 16 361 1
1062 16 778 1
1063 16 113 1
1064 16 110 1
1065 16 485 1
1066 16 136 1
1067 16 301 1
1068 16 201 1
1069 16 134 1
1070 16 134 1
1071 16 219 1
1072 16 187 1
1073 16 289 1
1074 4642 359 2
1075 16 29 1
1076 16 451 1
1077 16 218 1
1078 16 375 1
1079 16 175 1
1080 16 411 1
1081 13 33 1
1082 13 33 1
1083 13 373 1
1084 13 293 1
1085 13 257 1
1086 13 22 1
1087 13 391 1
1088 13 336 1
1089 4642 168 2
1090 13 713 1
1091 13 419 1
1092 13 141 1
1093 13 231 1
1094 13 743 1
1095 13 62 1
1096 13 662 1
1097 13 644 1
1098 13 644 1
1099 13 436 1
1100 13 691 1
1101 13 295 1
1102 13 295 1
1103 13 331 1
1104 10 396 1
1105 10 664 1
1106 10 473 1
1107 10 470 1
1108 10 235 1
1109 10 144 1
1110 10 272 1
1111 10 246 1
1112 10 198 1
1113 10 844 1
1114 10 122 1
1115 10 640 1
1116 10 106 1
1117 10 217 1
1118 10 394 1
1119 10 204 1
1120 10 174 1
1121 10 234 1
1122 10 276 1
1123 10 251 1
1124 15 799 1
1125 15 202 1
1126 15 410 1
1127 15 264 1
1128 15 85 1
1129 15 4643 2
1130 15 741 1
1131 15 81 1
1132 15 499 1
1133 15 245 1
1134 15 402 1
1135 15 56 1
1136 15 354 1
1137 15 280 1
1138 15 809 1
1139 15 649 1
1140 15 125 1
1141 15 67 1
1142 15 179 1
1143 15 107 1
1144 8 129 1
1145 8 414 1
1146 8 119 1
1147 8 252 1
1148 8 620 1
1149 8 21 1
1150 8 699 1
1151 8 178 1
1152 8 71 1
1153 8 303 1
1154 8 415 1
1155 8 415 1
1156 8 24 1
1157 8 145 1
1158 8 84 1
1159 8 429 1
1160 8 26 1
1161 8 350 1
1162 8 380 1
1163 8 117 1
1164 8 476 1
1165 747 445 1
1166 747 212 1
1167 747 203 1
1168 747 805 1
1169 747 225 1
1170 747 226 1
1171 747 284 1
1172 747 377 1
1173 747 44 1
1174 747 271 1
1175 747 271 1
1176 747 185 1
1177 747 73 1
1178 747 184 1
1179 747 47 1
1180 747 384 1
1181 747 384 1
1182 747 842 1
1183 747 355 1
1184 747 299 1
1185 747 65 1
1186 747 52 1
1187 19 362 1
1188 19 41 1
1189 19 305 1
1190 19 72 1
1191 19 72 1
1192 19 208 1
1193 19 387 1
1194 19 435 1
1195 19 360 1
1196 19 444 1
1197 19 143 1
1198 19 413 1
1199 19 532 1
1200 19 109 1
1201 19 165 1
1202 19 302 1
1203 19 68 1
1204 19 131 1
1205 19 517 1
1206 19 337 1
1207 19 211 1
1208 4 292 1
1209 4 292 1
1210 4 575 1
1211 4 38 1
1212 4 365 1
1213 4 492 1
1214 4 194 1
1215 4 162 1
1216 4 437 1
1217 4 199 1
1218 4 370 1
1219 4 256 1
1220 4 126 1
1221 4 4643 2
1222 4 262 1
1223 4 120 1
1224 4 328 1
1225 4 454 1
1226 4 263 1
1227 4 348 1
1228 4 243 1
1229 9 357 1
1230 9 357 1
1231 9 349 1
1232 9 66 1
1233 9 42 1
1234 9 841 1
1235 9 278 1
1236 9 650 1
1237 9 650 1
1238 9 382 1
1239 9 836 1
1240 9 663 1
1241 9 254 1
1242 9 193 1
1243 9 124 1
1244 9 407 1
1245 9 407 1
1246 9 159 1
1247 9 220 1
1248 9 441 1
1249 9 36 1
1250 9 139 1
1251 9 831 1
1252 6 223 1
1253 6 223 1
1254 6 270 1
1255 6 312 1
1256 6 80 1
1257 6 421 1
1258 6 306 1
1259 6 590 1
1260 6 590 1
1261 6 115 1
1262 6 427 1
1263 6 417 1
1264 6 417 1
1265 6 103 1
1266 6 103 1
1267 6 604 1
1268 6 381 1
1269 6 418 1
1270 6 275 1
1271 6 275 1
1272 6 584 1
1273 6 79 1
1274 6 495 1
1275 6 556 1
1276 6 45 1
1277 1042 283 1
1278 1042 213 1
1279 1042 175 1
1280 1042 136 1
1281 1042 895 1
1282 1042 1002 1
1283 1042 386 1
1284 1042 386 1
1285 1042 26 1
1286 1042 203 1
1287 1042 143 1
1288 1042 364 1
1289 1042 257 1
1290 1042 361 1
1291 1042 1056 1
1292 1042 592 1
1293 1042 556 1
1294 1042 550 1
1295 1042 841 1
1296 1042 1235 1
1297 1042 356 1
1298 1136 67 1
1299 1136 260 1
1300 1136 182 1
1301 1136 858 1
1302 1136 858 1
1303 1136 410 1
1304 1136 1083 1
1305 1136 284 1
1306 1136 400 1
1307 1136 141 1
1308 1136 146 1
1309 1136 23 1
1310 1136 713 1
1311 1136 25 1
1312 1136 662 1
1313 1136 40 1
1314 1136 206 1
1315 1136 32 1
1316 1136 691 1
1317 1136 1274 1
1318 1136 1053 1
1319 726 1216 1
1320 726 101 1
1321 726 436 1
1322 726 721 1
1323 726 259 1
1324 726 339 1
1325 726 102 1
1326 726 4643 2
1327 726 1043 1
1328 726 532 1
1329 726 84 1
1330 726 306 1
1331 726 1059 1
1332 726 1268 1
1333 726 537 1
1334 726 223 1
1335 726 1032 1
1336 726 1032 1
1337 726 64 1
1338 726 359 1
1339 726 199 1
1340 918 831 1
1341 918 346 1
1342 918 371 1
1343 918 735 1
1344 918 392 1
1345 918 71 1
1346 918 413 1
1347 918 699 1
1348 918 1112 1
1349 918 152 1
1350 918 125 1
1351 918 55 1
1352 918 55 1
1353 918 22 1
1354 918 495 1
1355 918 405 1
1356 918 162 1
1357 918 290 1
1358 918 317 1
1359 918 45 1
1360 918 56 1
1361 4 416 1
1362 4 167 1
1363 4 256 1
1364 4 404 1
1365 4 435 1
1366 4 82 1
1367 4 801 1
1368 4 1011 1
1369 4 1011 1
1370 4 291 1
1371 4 314 1
1372 4 1025 1
1373 4 379 1
1374 4 389 1
1375 4 202 1
1376 4 250 1
1377 4 441 1
1378 4 99 1
1379 4 132 1
1380 4 987 1
1381 4 180 1
1382 1238 927 1
1383 1238 179 1
1384 1238 638 1
1385 1238 945 1
1386 1238 968 1
1387 1238 614 1
1388 1238 1010 1
1389 1238 198 1
1390 1238 178 1
1391 1238 649 1
1392 1238 567 1
1393 1238 421 1
1394 1238 986 1
1395 1238 1276 1
1396 1238 372 1
1397 1238 999 1
1398 1238 650 1
1399 1238 170 1
1400 1238 214 1
1401 1238 403 1
1402 974 68 1
1403 974 516 1
1404 974 49 1
1405 974 517 1
1406 974 297 1
1407 974 384 1
1408 974 384 1
1409 974 129 1
1410 974 546 1
1411 974 492 1
1412 974 174 1
1413 974 48 1
1414 974 48 1
1415 974 879 1
1416 974 370 1
1417 974 1221 1
1418 974 44 1
1419 974 415 1
1420 974 46 1
1421 974 594 1
1422 974 353 1
1423 974 363 1
1424 20 319 1
1425 20 376 1
1426 20 93 1
1427 20 1080 1
1428 20 381 1
1429 20 835 1
1430 20 1096 1
1431 20 212 1
1432 20 377 1
1433 20 324 1
1434 20 842 1
1435 20 842 1
1436 20 725 1
1437 20 922 1
1438 20 396 1
1439 20 165 1
1440 20 112 1
1441 20 867 1
1442 20 859 1
1443 20 296 1
1444 20 35 1
1445 747 124 1
1446 747 303 1
1447 747 994 1
1448 747 292 1
1449 747 485 1
1450 747 62 1
1451 747 1109 1
1452 747 1144 1
1453 747 878 1
1454 747 53 1
1455 747 664 1
1456 747 205 1
1457 747 285 1
1458 747 354 1
1459 747 967 1
1460 747 210 1
1461 747 116 1
1462 747 644 1
1463 747 262 1
1464 747 373 1
1465 461 499 1
1466 461 126 1
1467 461 786 1
1468 461 357 1
1469 461 445 1
1470 461 708 1
1471 461 706 1
1472 461 69 1
1473 461 43 1
1474 461 406 1
1475 461 343 1
1476 461 1145 1
1477 461 420 1
1478 461 104 1
1479 461 111 1
1480 461 1022 1
1481 461 1022 1
1482 461 331 1
1483 461 331 1
1484 461 873 1
1485 461 1202 1
1486 461 36 1
1487 1117 42 1
1488 1117 1186 1
1489 1117 1116 1
1490 1117 248 1
1491 1117 154 1
1492 1117 1236 1
1493 1117 375 1
1494 1117 80 1
1495 1117 1027 1
1496 1117 1137 1
1497 1117 341 1
1498 1117 321 1
1499 1117 144 1
1500 1117 221 1
1501 1117 117 1
1502 1117 30 1
1503 1117 30 1
1504 1117 486 1
1505 1117 135 1
1506 1117 476 1
1507 1117 246 1
1508 8 1113 1
1509 8 52 1
1510 8 950 1
1511 8 473 1
1512 8 100 1
1513 8 1168 1
1514 8 1130 1
1515 8 51 1
1516 8 51 1
1517 8 184 1
1518 8 640 1
1519 8 409 1
1520 8 493 1
1521 8 73 1
1522 8 1201 1
1523 8 139 1
1524 8 271 1
1525 8 958 1
1526 8 958 1
1527 8 978 1
1528 8 118 1
1529 8 122 1
1530 783 273 1
1531 783 226 1
1532 4642 351 2
1533 783 351 1
1534 783 799 1
1535 783 427 1
1536 783 204 1
1537 783 240 1
1538 783 741 1
1539 783 217 1
1540 783 245 1
1541 4642 419 2
1542 783 251 1
1543 783 185 1
1544 783 89 1
1545 783 347 1
1546 783 87 1
1547 783 982 1
1548 783 41 1
1549 4642 305 2
1550 783 105 1
1551 609 1270 1
1552 609 454 1
1553 609 169 1
1554 609 293 1
1555 609 424 1
1556 609 79 1
1557 609 871 1
1558 609 380 1
1559 609 201 1
1560 609 545 1
1561 609 211 1
1562 609 333 1
1563 609 70 1
1564 609 1200 1
1565 609 1041 1
1566 609 1029 1
1567 609 110 1
1568 609 21 1
1569 609 192 1
1570 609 1177 1
1571 654 183 1
1572 654 844 1
1573 654 86 1
1574 654 267 1
1575 654 1209 1
1576 654 103 1
1577 654 103 1
1578 654 365 1
1579 654 281 1
1580 654 401 1
1581 654 1026 1
1582 654 663 1
1583 654 680 1
1584 654 1251 1
1585 654 604 1
1586 654 374 1
1587 654 720 1
1588 654 209 1
1589 654 1139 1
1590 654 263 1
1591 654 193 1
1592 651 157 1
1593 651 344 1
1594 651 344 1
1595 651 138 1
1596 651 159 1
1597 651 128 1
1598 651 1125 1
1599 651 249 1
1600 4642 444 2
1601 651 679 1
1602 651 470 1
1603 651 342 1
1604 651 748 1
1605 651 504 1
1606 651 504 1
1607 651 234 1
1608 651 1173 1
1609 651 61 1
1610 651 286 1
1611 651 98 1
1612 651 1159 1
1613 651 985 1
1614 4642 29 2
1615 1018 946 1
1616 1018 355 1
1617 1018 131 1
1618 1018 1261 1
1619 1018 402 1
1620 1018 754 1
1621 1018 59 1
1622 1018 780 1
1623 1018 1033 1
1624 1018 215 1
1625 1018 394 1
1626 1018 123 1
1627 1018 123 1
1628 1018 276 1
1629 1018 417 1
1630 1018 570 1
1631 1018 268 1
1632 1018 208 1
1633 1018 155 1
1634 1018 575 1
1635 874 411 1
1636 874 166 1
1637 874 620 1
1638 874 65 1
1639 874 442 1
1640 874 864 1
1641 874 1100 1
1642 874 194 1
1643 874 1047 1
1644 874 345 1
1645 874 883 1
1646 874 336 1
1647 874 236 1
1648 874 1009 1
1649 874 241 1
1650 874 437 1
1651 874 418 1
1652 874 778 1
1653 874 145 1
1654 874 160 1
1655 734 302 1
1656 734 352 1
1657 734 156 1
1658 734 272 1
1659 734 66 1
1660 734 503 1
1661 4642 1161 2
1662 734 115 1
1663 734 743 1
1664 734 1005 1
1665 734 295 1
1666 734 299 1
1667 734 92 1
1668 734 809 1
1669 734 773 1
1670 734 109 1
1671 734 584 1
1672 734 930 1
1673 734 930 1
1674 734 328 1
1675 734 218 1
1676 16 277 1
1677 16 1244 1
1678 16 805 1
1679 16 451 1
1680 16 225 1
1681 16 181 1
1682 16 590 1
1683 16 113 1
1684 16 390 1
1685 16 294 1
1686 16 836 1
1687 16 349 1
1688 16 349 1
1689 16 1197 1
1690 16 172 1
1691 16 429 1
1692 16 806 1
1693 16 75 1
1694 16 387 1
1695 16 362 1
1696 16 142 1
1697 1238 967 1
1698 1238 1466 1
1699 1238 1552 1
1700 1238 1244 1
1701 1238 805 1
1702 1238 59 1
1703 1238 584 1
1704 1238 978 1
1705 1238 241 1
1706 1238 167 1
1707 1238 1236 1
1708 1238 1358 1
1709 1238 324 1
1710 1238 131 1
1711 1238 1161 1
1712 1238 390 1
1713 1238 390 1
1714 1238 445 1
1715 1238 537 1
1716 1238 620 1
1717 1238 61 1
1718 1521 1186 1
1719 1521 285 1
1720 1521 363 1
1721 1521 138 1
1722 1521 1618 1
1723 1521 1109 1
1724 1521 166 1
1725 1521 1027 1
1726 1521 291 1
1727 1521 735 1
1728 1521 248 1
1729 1521 982 1
1730 1521 48 1
1731 1521 680 1
1732 1521 1033 1
1733 1521 950 1
1734 1521 470 1
1735 1521 1305 1
1736 4642 1332 2
1737 1521 1029 1
1738 1326 123 1
1739 1326 748 1
1740 1326 570 1
1741 1326 968 1
1742 1326 1489 1
1743 1326 341 1
1744 1326 1235 1
1745 1326 1597 1
1746 1326 44 1
1747 1326 835 1
1748 1326 743 1
1749 1326 743 1
1750 1326 873 1
1751 1326 1197 1
1752 1326 495 1
1753 1326 1221 1
1754 1326 799 1
1755 1326 98 1
1756 1326 421 1
1757 1326 1022 1
1758 1326 126 1
1759 1625 644 1
1760 1625 987 1
1761 1625 1464 1
1762 1625 1493 1
1763 1625 40 1
1764 1625 663 1
1765 1625 211 1
1766 1625 879 1
1767 1625 725 1
1768 1625 1458 1
1769 1625 103 1
1770 1625 650 1
1771 1625 985 1
1772 1625 205 1
1773 1625 118 1
1774 1625 1297 1
1775 1625 946 1
1776 1625 575 1
1777 1625 1595 1
1778 1625 359 1
1779 783 93 1
1780 783 364 1
1781 783 405 1
1782 783 1159 1
1783 783 1116 1
1784 783 556 1
1785 783 30 1
1786 783 30 1
1787 783 417 1
1788 783 293 1
1789 783 1333 1
1790 783 1457 1
1791 783 302 1
1792 783 878 1
1793 783 111 1
1794 783 1670 1
1795 783 841 1
1796 783 1428 1
1797 783 1173 1
1798 783 157 1
1799 783 379 1
1800 609 1144 1
1801 609 128 1
1802 609 1005 1
1803 609 485 1
1804 609 773 1
1805 609 92 1
1806 609 375 1
1807 609 345 1
1808 609 604 1
1809 609 809 1
1810 609 181 1
1811 609 70 1
1812 609 842 1
1813 609 1047 1
1814 609 406 1
1815 609 187 1
1816 609 105 1
1817 609 1600 1
1818 609 75 1
1819 609 945 1
1820 874 741 1
1821 874 139 1
1822 874 283 1
1823 874 1137 1
1824 874 1100 1
1825 874 1364 1
1826 874 1671 1
1827 874 499 1
1828 874 1177 1
1829 874 1177 1
1830 874 172 1
1831 874 454 1
1832 874 1202 1
1833 874 115 1
1834 874 504 1
1835 874 225 1
1836 874 292 1
1837 874 373 1
1838 874 713 1
1839 874 45 1
1840 874 444 1
1841 1018 836 1
1842 1018 276 1
1843 1018 1056 1
1844 1018 1648 1
1845 1018 664 1
1846 1018 104 1
1847 1018 1025 1
1848 1018 858 1
1849 1018 4643 2
1850 1018 4643 2
1851 1018 1638 1
1852 1018 442 1
1853 1018 354 1
1854 1018 317 1
1855 1018 4643 2
1856 1018 1405 1
1857 1018 801 1
1858 1018 1605 1
1859 1018 1274 1
1860 1018 1289 1
1861 1117 182 1
1862 1117 721 1
1863 1117 4643 2
1864 1117 415 1
1865 1117 1498 1
1866 1117 486 1
1867 1117 1666 1
1868 1117 79 1
1869 1117 927 1
1870 1117 1145 1
1871 1117 1551 1
1872 1117 1080 1
1873 1117 199 1
1874 1117 203 1
1875 1117 409 1
1876 1117 1113 1
1877 1117 25 1
1878 1117 82 1
1879 1117 112 1
1880 1117 23 1
1881 918 424 1
1882 918 503 1
1883 918 100 1
1884 918 418 1
1885 918 1168 1
1886 918 396 1
1887 918 786 1
1888 918 930 1
1889 918 435 1
1890 918 1059 1
1891 918 1059 1
1892 918 361 1
1893 918 361 1
1894 918 1276 1
1895 918 1200 1
1896 918 52 1
1897 918 67 1
1898 918 638 1
1899 918 1032 1
1900 918 1251 1
1901 918 1125 1
1902 918 246 1
1903 1644 1474 1
1904 1644 1681 1
1905 1644 691 1
1906 1644 1201 1
1907 1644 178 1
1908 1644 69 1
1909 1644 720 1
1910 1644 217 1
1911 1644 352 1
1912 1644 154 1
1913 1644 1640 1
1914 1644 331 1
1915 1644 160 1
1916 4642 699 2
1917 1644 73 1
1918 1644 986 1
1919 1644 1528 1
1920 1644 1511 1
1921 1644 55 1
1922 1644 209 1
1923 1365 1572 1
1924 1365 895 1
1925 1365 492 1
1926 1365 240 1
1927 1365 844 1
1928 1365 1563 1
1929 1365 226 1
1930 1365 26 1
1931 1365 754 1
1932 1365 754 1
1933 1365 649 1
1934 1365 1662 1
1935 1365 389 1
1936 1365 29 1
1937 1365 152 1
1938 1365 780 1
1939 1365 493 1
1940 1365 1452 1
1941 1365 473 1
1942 1365 1657 1
1943 1365 1657 1
1944 1365 183 1
1945 1606 1478 1
1946 1606 116 1
1947 1606 1216 1
1948 1606 262 1
1949 1606 1590 1
1950 1606 441 1
1951 1606 49 1
1952 1606 374 1
1953 1606 994 1
1954 1606 273 1
1955 1606 290 1
1956 1606 343 1
1957 1606 236 1
1958 1606 871 1
1959 1606 86 1
1960 1606 386 1
1961 1606 257 1
1962 1606 1294 1
1963 1606 1483 1
1964 1606 1592 1
1965 1427 141 1
1966 1427 353 1
1967 1427 286 1
1968 1427 614 1
1969 1427 4643 2
1970 1427 281 1
1971 1427 1324 1
1972 1427 351 1
1973 1427 272 1
1974 1427 145 1
1975 1427 403 1
1976 1427 403 1
1977 1427 437 1
1978 1427 404 1
1979 1427 1321 1
1980 1427 1321 1
1981 1427 859 1
1982 1427 436 1
1983 1427 1112 1
1984 1427 1539 1
1985 1427 662 1
1986 1427 1422 1
1987 974 110 1
1988 974 1630 1
1989 974 958 1
1990 974 365 1
1991 974 21 1
1992 974 419 1
1993 974 545 1
1994 974 1268 1
1995 974 1550 1
1996 974 1584 1
1997 974 1041 1
1998 974 592 1
1999 974 1400 1
2000 974 778 1
2001 974 180 1
2002 974 215 1
2003 974 142 1
2004 974 1455 1
2005 974 411 1
2006 974 550 1
2007 1042 517 1
2008 1042 377 1
2009 1042 377 1
2010 1042 101 1
2011 1042 299 1
2012 1042 679 1
2013 1042 35 1
2014 1042 267 1
2015 1042 516 1
2016 1042 1338 1
2017 1042 867 1
2018 1042 1470 1
2019 1042 1139 1
2020 1042 532 1
2021 1042 1053 1
2022 1042 221 1
2023 1042 1553 1
2024 1042 706 1
2025 1042 1413 1
2026 1042 922 1
2027 1042 1676 1
2028 734 883 1
2029 734 1518 1
2030 734 427 1
2031 734 546 1
2032 734 1503 1
2033 734 640 1
2034 734 303 1
2035 734 1336 1
2036 734 1479 1
2037 734 349 1
2038 734 251 1
2039 734 1270 1
2040 734 708 1
2041 734 1636 1
2042 734 831 1
2043 734 1391 1
2044 734 1002 1
2045 734 117 1
2046 734 594 1
2047 734 1459 1
2048 1136 381 1
2049 1136 169 1
2050 1136 1043 1
2051 1136 1009 1
2052 1136 1010 1
2053 1136 1363 1
2054 1136 806 1
2055 1136 122 1
2056 1136 999 1
2057 1136 999 1
2058 1136 429 1
2059 1136 1337 1
2060 1136 1026 1
2061 1136 89 1
2062 1136 305 1
2063 1136 66 1
2064 1136 1130 1
2065 1136 1530 1
2066 1136 210 1
2067 1136 296 1
2068 1136 56 1
2069 747 284 1
2070 747 372 1
2071 747 1301 1
2072 747 113 1
2073 747 1690 1
2074 747 193 1
2075 747 202 1
2076 747 202 1
2077 747 864 1
2078 747 1547 1
2079 747 80 1
2080 747 80 1
2081 747 1096 1
2082 747 1507 1
2083 747 64 1
2084 747 102 1
2085 747 1083 1
2086 747 451 1
2087 747 297 1
2088 747 590 1
2089 4642 179 2
2090 747 1380 1
2091 747 1380 1
2092 1436 1495 1
2093 1436 306 1
2094 1436 1261 1
2095 1436 1481 1
2096 1436 165 1
2097 1436 1379 1
2098 1436 314 1
2099 1436 1376 1
2100 1436 392 1
2101 1436 371 1
2102 1436 194 1
2103 1436 234 1
2104 1436 344 1
2105 1436 567 1
2106 1436 476 1
2107 1436 380 1
2108 1436 380 1
2109 1436 1011 1
2110 1436 1209 1
2111 1436 1408 1
2112 1436 162 1
2113 1698 1572 1
2114 1698 299 1
2115 1698 1964 1
2116 1698 100 1
2117 1698 1301 1
2118 1698 424 1
2119 1698 721 1
2120 1698 476 1
2121 1698 1268 1
2122 1698 1168 1
2123 1698 550 1
2124 1698 994 1
2125 1698 141 1
2126 1698 743 1
2127 1698 1861 1
2128 1698 1972 1
2129 1698 380 1
2130 1698 1116 1
2131 1698 1530 1
2132 1698 879 1
2133 1606 1754 1
2134 1606 503 1
2135 1606 1459 1
2136 1606 442 1
2137 1606 999 1
2138 1606 999 1
2139 1606 112 1
2140 1606 1324 1
2141 1606 209 1
2142 1606 699 1
2143 1606 1757 1
2144 1606 4643 2
2145 1606 30 1
2146 1606 1173 1
2147 1606 1053 1
2148 1606 516 1
2149 1606 1681 1
2150 1606 251 1
2151 1606 2077 1
2152 1606 284 1
2153 1606 1391 1
2154 1709 594 1
2155 1709 349 1
2156 1709 967 1
2157 1709 504 1
2158 1709 2006 1
2159 1709 987 1
2160 1709 1413 1
2161 1709 1413 1
2162 1709 1113 1
2163 1709 679 1
2164 1709 1503 1
2165 1709 1528 1
2166 1709 570 1
2167 1709 437 1
2168 1709 435 1
2169 1709 2052 1
2170 1709 45 1
2171 1709 1041 1
2172 1709 841 1
2173 1709 1648 1
2174 1709 1584 1
2175 2022 365 1
2176 2022 381 1
2177 2022 1975 1
2178 2022 285 1
2179 2022 386 1
2180 2022 386 1
2181 2022 532 1
2182 2022 69 1
2183 2022 1197 1
2184 2022 1784 1
2185 2022 1297 1
2186 2022 267 1
2187 2022 306 1
2188 2022 1251 1
2189 2022 986 1
2190 2022 986 1
2191 2022 1588 1
2192 2022 49 1
2193 2022 1209 1
2194 2022 706 1
2195 2022 706 1
2196 2022 1032 1
2197 2022 1032 1
2198 2022 421 1
2199 1326 1935 1
2200 1326 1201 1
2201 1326 406 1
2202 1326 1422 1
2203 1326 1481 1
2204 1326 1332 1
2205 1326 859 1
2206 1326 809 1
2207 1326 1495 1
2208 1326 40 1
2209 1326 1752 1
2210 1326 485 1
2211 1326 1202 1
2212 1326 314 1
2213 1326 1676 1
2214 1326 451 1
2215 1326 1305 1
2216 1326 427 1
2217 1326 111 1
2218 1326 950 1
2219 1117 1707 1
2220 1117 1775 1
2221 1117 1595 1
2222 1117 103 1
2223 1117 1845 1
2224 1117 4643 2
2225 1117 1096 1
2226 1117 2112 1
2227 1117 493 1
2228 1117 836 1
2229 1117 836 1
2230 1117 1428 1
2231 1117 404 1
2232 1117 143 1
2233 1117 143 1
2234 1117 567 1
2235 1117 1764 1
2236 1117 492 1
2237 1117 492 1
2238 1117 1186 1
2239 1117 1547 1
2240 1117 1338 1
2241 1117 1701 1
2242 1625 372 1
2243 1625 1483 1
2244 1625 226 1
2245 1625 183 1
2246 1625 1005 1
2247 1625 1729 1
2248 1625 1788 1
2249 1625 620 1
2250 1625 720 1
2251 1625 1605 1
2252 1625 2036 1
2253 1625 1405 1
2254 1625 748 1
2255 1625 1645 1
2256 1625 1840 1
2257 1625 392 1
2258 1625 1457 1
2259 1625 1498 1
2260 1625 1804 1
2261 1625 663 1
2262 1365 181 1
2263 4642 181 2
2264 1365 1145 1
2265 1365 831 1
2266 1365 1010 1
2267 1365 286 1
2268 1365 257 1
2269 1365 257 1
2270 1365 70 1
2271 1365 1294 1
2272 1365 1333 1
2273 1365 1458 1
2274 1365 1364 1
2275 1365 1984 1
2276 1365 1550 1
2277 1365 1712 1
2278 1365 236 1
2279 1365 2111 1
2280 1365 262 1
2281 1365 1630 1
2282 1365 2008 1
2283 1365 344 1
2284 1427 4643 2
2285 1427 982 1
2286 1427 713 1
2287 1427 708 1
2288 1427 1864 1
2289 1427 1958 1
2290 1427 1958 1
2291 1427 138 1
2292 1427 662 1
2293 1427 725 1
2294 1427 895 1
2295 1427 650 1
2296 1427 281 1
2297 1427 1047 1
2298 1427 1592 1
2299 1427 123 1
2300 1427 575 1
2301 1427 1666 1
2302 1427 1221 1
2303 1427 1969 1
2304 1427 1130 1
2305 1644 930 1
2306 1644 930 1
2307 1644 61 1
2308 1644 1835 1
2309 1644 1843 1
2310 1644 1924 1
2311 1644 1924 1
2312 1644 1916 1
2313 1644 1100 1
2314 1644 187 1
2315 1644 187 1
2316 1644 592 1
2317 1644 545 1
2318 1644 545 1
2319 1644 1563 1
2320 1644 640 1
2321 1644 1026 1
2322 1644 1125 1
2323 1644 1363 1
2324 1644 1813 1
2325 1644 978 1
2326 1644 1657 1
2327 4642 1029 2
2328 1644 1600 1
2329 4642 1662 2
2330 1837 546 1
2331 1837 1965 1
2332 1837 1708 1
2333 1837 1618 1
2334 1837 773 1
2335 1837 1144 1
2336 1837 246 1
2337 1837 1489 1
2338 1837 454 1
2339 1837 248 1
2340 1837 735 1
2341 1837 331 1
2342 1837 1408 1
2343 1837 1408 1
2344 1837 2047 1
2345 1837 1022 1
2346 1837 194 1
2347 1837 1109 1
2348 1837 1025 1
2349 1837 1727 1
2350 1521 1080 1
2351 1521 495 1
2352 1521 1009 1
2353 1521 2091 1
2354 1521 1895 1
2355 1521 1539 1
2356 1521 842 1
2357 1521 1466 1
2358 1521 985 1
2359 1521 1137 1
2360 1521 1161 1
2361 1521 1161 1
2362 1521 1753 1
2363 1521 517 1
2364 1521 864 1
2365 1521 780 1
2366 1521 217 1
2367 1521 1638 1
2368 1521 1551 1
2369 1521 199 1
2370 1521 215 1
2371 1937 1963 1
2372 1937 1002 1
2373 1937 64 1
2374 1937 1493 1
2375 1937 1470 1
2376 1937 945 1
2377 1937 352 1
2378 1937 21 1
2379 1937 1597 1
2380 1937 1511 1
2381 1937 1671 1
2382 1937 1780 1
2383 1937 1871 1
2384 1937 1474 1
2385 1937 1321 1
2386 1937 2011 1
2387 1937 1380 1
2388 1937 1636 1
2389 4642 444 2
2390 1937 2003 1
2391 1042 754 1
2392 1042 1479 1
2393 1042 1925 1
2394 1042 35 1
2395 1042 1833 1
2396 1042 1033 1
2397 1042 873 1
2398 1042 556 1
2399 1042 1939 1
2400 1042 283 1
2401 1042 1690 1
2402 1042 801 1
2403 1042 1739 1
2404 1042 1739 1
2405 1042 1507 1
2406 1042 883 1
2407 1042 883 1
2408 1042 1464 1
2409 1042 1791 1
2410 1042 210 1
2411 1042 1379 1
2412 1042 1553 1
2413 1436 638 1
2414 1436 1112 1
2415 1436 2092 1
2416 1436 1244 1
2417 1436 1968 1
2418 1436 1801 1
2419 1436 1763 1
2420 1436 486 1
2421 1436 1400 1
2422 1436 172 1
2423 1436 1455 1
2424 1436 1358 1
2425 1436 1177 1
2426 1436 131 1
2427 1436 1027 1
2428 1436 234 1
2429 1436 345 1
2430 1436 946 1
2431 1436 1979 1
2432 1436 2042 1
2433 974 2108 1
2434 974 1056 1
2435 974 55 1
2436 974 436 1
2437 974 1159 1
2438 974 445 1
2439 974 1777 1
2440 974 1235 1
2441 974 806 1
2442 974 390 1
2443 974 1982 1
2444 974 4643 2
2445 974 1011 1
2446 974 1672 1
2447 974 1274 1
2448 974 1274 1
2449 974 1744 1
2450 974 1640 1
2451 974 604 1
2452 974 104 1
2453 974 354 1
2454 1136 805 1
2455 1136 786 1
2456 1136 871 1
2457 1136 871 1
2458 1136 537 1
2459 1136 1670 1
2460 1136 691 1
2461 1136 441 1
2462 1136 441 1
2463 1136 375 1
2464 1136 1920 1
2465 1136 499 1
2466 1136 1216 1
2467 1136 590 1
2468 1136 169 1
2469 1136 778 1
2470 1136 1139 1
2471 1136 1715 1
2472 1136 75 1
2473 1136 1552 1
2474 1136 1270 1
2475 1136 152 1
2476 1970 680 1
2477 1970 115 1
2478 1970 473 1
2479 1970 927 1
2480 1970 664 1
2481 1970 29 1
2482 1970 2013 1
2483 1970 110 1
2484 1970 1478 1
2485 1970 157 1
2486 1970 649 1
2487 1970 1452 1
2488 1970 1919 1
2489 1970 2048 1
2490 1970 867 1
2491 1970 1043 1
2492 1970 968 1
2493 1970 1289 1
2494 1970 1855 1
2495 1970 1083 1
2496 1790 799 1
2497 1790 858 1
2498 1790 1842 1
2499 1790 1336 1
2500 1790 1890 1
2501 1790 1200 1
2502 1790 1778 1
2503 1790 741 1
2504 1790 470 1
2505 1790 470 1
2506 1790 958 1
2507 1790 1276 1
2508 1790 878 1
2509 1790 922 1
2510 1790 396 1
2511 1790 844 1
2512 1790 835 1
2513 1790 1773 1
2514 1790 1936 1
2515 1790 1877 1
2516 1790 1832 1
2517 1953 429 1
2518 1953 1236 1
2519 1953 1236 1
2520 1953 2028 1
2521 1953 211 1
2522 1953 1518 1
2523 1953 364 1
2524 1953 167 1
2525 1953 644 1
2526 1953 2080 1
2527 1953 1767 1
2528 1953 2045 1
2529 1953 1337 1
2530 1953 1059 1
2531 1953 1706 1
2532 1953 353 1
2533 1953 1376 1
2534 1953 302 1
2535 1953 614 1
2536 1953 59 1
2537 1953 1261 1
2538 1698 1551 1
2539 1698 1261 1
2540 1698 831 1
2541 1698 1047 1
2542 1698 2497 1
2543 1698 2246 1
2544 1698 504 1
2545 1698 2530 1
2546 1698 1552 1
2547 1698 725 1
2548 1698 1002 1
2549 1698 503 1
2550 1698 1842 1
2551 1698 1518 1
2552 1698 1109 1
2553 1698 721 1
2554 1698 1701 1
2555 1698 927 1
2556 1698 2157 1
2557 1698 2417 1
2558 2317 1727 1
2559 2317 2260 1
2560 2317 1597 1
2561 2317 1301 1
2562 2317 1498 1
2563 2317 1919 1
2564 2317 1706 1
2565 2317 2323 1
2566 2317 1408 1
2567 2317 1982 1
2568 2317 1458 1
2569 2317 1495 1
2570 2317 1270 1
2571 2317 421 1
2572 2317 946 1
2573 2317 570 1
2574 2317 1939 1
2575 2317 748 1
2576 2317 1553 1
2577 2317 1539 1
2578 1709 664 1
2579 1709 1640 1
2580 1709 451 1
2581 1709 2421 1
2582 1709 1590 1
2583 1709 1788 1
2584 1709 1788 1
2585 4642 2262 2
2586 1709 1963 1
2587 1709 1963 1
2588 1709 1645 1
2589 1709 1605 1
2590 1709 1662 1
2591 1709 1159 1
2592 1709 945 1
2593 1709 2412 1
2594 1709 1744 1
2595 1709 2528 1
2596 1709 2528 1
2597 1709 958 1
2598 1709 1712 1
2599 1709 441 1
2600 1709 1670 1
2601 1625 778 1
2602 1625 1924 1
2603 1625 444 1
2604 1625 517 1
2605 1625 1936 1
2606 1625 2426 1
2607 1625 2162 1
2608 1625 841 1
2609 1625 1729 1
2610 1625 1405 1
2611 1625 1775 1
2612 1625 1363 1
2613 1625 835 1
2614 1625 799 1
2615 1625 4643 2
2616 1625 640 1
2617 1625 1708 1
2618 1625 708 1
2619 1625 1984 1
2620 1625 663 1
2621 2264 2523 1
2622 2264 1413 1
2623 2264 436 1
2624 2264 1459 1
2625 2264 2343 1
2626 2264 859 1
2627 2264 2036 1
2628 2264 1763 1
2629 2264 4643 2
2630 2264 1400 1
2631 2264 680 1
2632 2264 2487 1
2633 2264 1777 1
2634 2264 806 1
2635 2264 1657 1
2636 2264 590 1
2637 2264 1965 1
2638 2264 1965 1
2639 2264 2120 1
2640 2264 2006 1
2641 2264 1422 1
2642 2297 442 1
2643 2297 1294 1
2644 2297 2490 1
2645 2297 2092 1
2646 2297 2150 1
2647 2297 1474 1
2648 2297 1483 1
2649 2297 987 1
2650 2297 604 1
2651 2297 2265 1
2652 2297 2378 1
2653 2297 4643 2
2654 2297 1925 1
2655 2297 805 1
2656 2297 1791 1
2657 2297 1489 1
2658 2297 2132 1
2659 2297 922 1
2660 2297 1305 1
2661 2297 1778 1
2662 1970 1503 1
2663 1970 1843 1
2664 1970 706 1
2665 1970 930 1
2666 1970 1530 1
2667 1970 2013 1
2668 1970 537 1
2669 1970 1975 1
2670 1970 1274 1
2671 1970 1672 1
2672 1970 470 1
2673 1970 691 1
2674 1970 1584 1
2675 1970 2348 1
2676 1970 1833 1
2677 1970 2284 1
2678 1970 2215 1
2679 1970 720 1
2680 1970 1739 1
2681 1970 1895 1
2682 2335 2255 1
2683 2335 2442 1
2684 2335 2442 1
2685 2335 1161 1
2686 2335 1033 1
2687 2335 2123 1
2688 2335 1835 1
2689 2335 2225 1
2690 2335 1479 1
2691 2335 2194 1
2692 2335 2372 1
2693 2335 1666 1
2694 2335 867 1
2695 2335 638 1
2696 2335 638 1
2697 2335 4643 2
2698 2335 1638 1
2699 2335 1216 1
2700 2335 1773 1
2701 2335 1832 1
2702 2335 1364 1
2703 2335 1845 1
2704 1937 1336 1
2705 1937 858 1
2706 1937 1056 1
2707 1937 1958 1
2708 1937 1600 1
2709 1937 2112 1
2710 1937 2052 1
2711 1937 1780 1
2712 1937 801 1
2713 1937 1321 1
2714 1937 1333 1
2715 1937 1251 1
2716 1937 1083 1
2717 1937 550 1
2718 1937 2506 1
2719 1937 2293 1
2720 1937 650 1
2721 1937 546 1
2722 1937 1470 1
2723 1937 424 1
2724 1837 1112 1
2725 1837 1452 1
2726 1837 2381 1
2727 1837 2381 1
2728 1837 2519 1
2729 1837 2131 1
2730 1837 842 1
2731 1837 735 1
2732 1837 2368 1
2733 1837 2368 1
2734 1837 2077 1
2735 1837 2008 1
2736 1837 2008 1
2737 1837 871 1
2738 1837 486 1
2739 1837 2354 1
2740 4642 878 2
2741 1837 492 1
2742 1837 1547 1
2743 1837 2410 1
2744 1837 2298 1
2745 1837 1707 1
2746 1837 879 1
2747 2329 516 1
2748 2329 1010 1
2749 2329 786 1
2750 2329 1840 1
2751 2329 1840 1
2752 2329 2537 1
2753 2329 1137 1
2754 2329 1177 1
2755 2329 1324 1
2756 2329 1139 1
2757 2329 2091 1
2758 2329 2121 1
2759 2329 2121 1
2760 2329 2045 1
2761 2329 1636 1
2762 2329 1648 1
2763 2329 2359 1
2764 2329 1916 1
2765 2329 1507 1
2766 2329 1764 1
2767 2329 2178 1
2768 2329 2212 1
2769 1790 1528 1
2770 1790 1268 1
2771 1790 2478 1
2772 1790 1145 1
2773 1790 2111 1
2774 1790 1757 1
2775 1790 2080 1
2776 1790 2080 1
2777 1790 620 1
2778 1790 1630 1
2779 1790 644 1
2780 1790 1041 1
2781 1790 2446 1
2782 1790 473 1
2783 1790 1890 1
2784 1790 2462 1
2785 1790 2406 1
2786 1790 2296 1
2787 1790 1144 1
2788 1790 2169 1
2789 1790 1337 1
2790 2307 1297 1
2791 2307 1481 1
2792 2307 1032 1
2793 2307 1221 1
2794 2307 493 1
2795 2307 1455 1
2796 2307 662 1
2797 2307 1671 1
2798 2307 2292 1
2799 2307 1935 1
2800 2307 499 1
2801 2307 741 1
2802 2307 1855 1
2803 2307 1096 1
2804 2307 1027 1
2805 2307 2222 1
2806 2307 1466 1
2807 2307 982 1
2808 2307 2407 1
2809 2307 1029 1
2810 1436 1011 1
2811 1436 743 1
2812 1436 1201 1
2813 1436 1864 1
2814 1436 2250 1
2815 1436 1592 1
2816 1436 1690 1
2817 1436 1964 1
2818 1436 1752 1
2819 1436 895 1
2820 1436 1059 1
2821 1436 1379 1
2822 1436 873 1
2823 1436 1186 1
2824 1436 713 1
2825 1436 950 1
2826 1436 1920 1
2827 1436 2334 1
2828 1436 1428 1
2829 1436 2314 1
2830 2022 2281 1
2831 2022 1563 1
2832 2022 1563 1
2833 2022 2433 1
2834 2022 2237 1
2835 2022 1005 1
2836 4642 1676 2
2837 2022 2003 1
2838 2022 967 1
2839 2022 556 1
2840 2022 1113 1
2841 2022 1877 1
2842 2022 1681 1
2843 2022 2517 1
2844 2022 2180 1
2845 2022 699 1
2846 2022 986 1
2847 2022 1197 1
2848 2022 2400 1
2849 2022 1478 1
2850 2022 1236 1
2851 1644 844 1
2852 4642 844 2
2853 1644 545 1
2854 1644 454 1
2855 1644 1464 1
2856 1644 2524 1
2857 1644 1025 1
2858 1644 836 1
2859 1644 1861 1
2860 1644 1861 1
2861 1644 584 1
2862 1644 2464 1
2863 1644 1715 1
2864 1644 1043 1
2865 1644 864 1
2866 1644 1376 1
2867 1644 1100 1
2868 1644 1572 1
2869 1644 1550 1
2870 1644 2011 1
2871 1644 999 1
2872 1644 495 1
2873 2135 592 1
2874 2135 1209 1
2875 2135 1358 1
2876 2135 994 1
2877 2135 2145 1
2878 2135 2145 1
2879 2135 1871 1
2880 2135 2486 1
2881 2135 485 1
2882 2135 2256 1
2883 2135 883 1
2884 2135 2360 1
2885 2135 2248 1
2886 2135 614 1
2887 2135 476 1
2888 2135 2448 1
2889 2135 978 1
2890 2135 1380 1
2891 2135 679 1
2892 2135 2128 1
2893 2135 2349 1
2894 1953 1053 1
2895 1953 1754 1
2896 1953 649 1
2897 1953 594 1
2898 1953 429 1
2899 1953 1972 1
2900 1953 1595 1
2901 1953 2028 1
2902 1953 1753 1
2903 1953 1332 1
2904 1953 2047 1
2905 1953 2130 1
2906 1953 1804 1
2907 1953 1168 1
2908 1953 1289 1
2909 1953 1289 1
2910 1953 437 1
2911 1953 427 1
2912 1953 1588 1
2913 1953 1022 1
2914 1953 1244 1
2915 1427 1200 1
2916 1427 1080 1
2917 1427 985 1
2918 1427 2397 1
2919 1427 1457 1
2920 1427 445 1
2921 1427 532 1
2922 1427 435 1
2923 1427 1235 1
2924 1427 1968 1
2925 1427 1968 1
2926 1427 2042 1
2927 1427 754 1
2928 1427 2108 1
2929 1427 2429 1
2930 1427 1969 1
2931 1427 4643 2
2932 1427 1801 1
2933 1427 1618 1
2934 1427 1511 1
2935 1427 1125 1
2936 2290 1026 1
2937 2290 1202 1
2938 2290 1813 1
2939 2290 1130 1
2940 2290 968 1
2941 2290 1173 1
2942 2290 1276 1
2943 2290 1979 1
2944 2290 2143 1
2945 2290 1338 1
2946 2290 575 1
2947 2290 1009 1
2948 2290 780 1
2949 2290 1767 1
2950 2290 1391 1
2951 2290 567 1
2952 2290 773 1
2953 2290 1784 1
2954 2290 1493 1
2955 2290 2411 1
2956 2746 2045 1
2957 2746 1321 1
2958 2746 1483 1
2959 2746 2748 1
2960 2746 2879 1
2961 2746 950 1
2962 2746 1670 1
2963 2746 4643 2
2964 2746 2412 1
2965 2746 1479 1
2966 2746 1297 1
2967 2746 2674 1
2968 2746 1518 1
2969 2746 1173 1
2970 2746 1657 1
2971 2746 1801 1
2972 2746 1715 1
2973 2746 2120 1
2974 2746 1002 1
2975 2746 883 1
2976 2543 2547 1
2977 2543 2815 1
2978 2543 1466 1
2979 2543 1539 1
2980 2543 1539 1
2981 2543 1791 1
2982 2543 1379 1
2983 2543 2042 1
2984 2543 2858 1
2985 2543 2132 1
2986 2543 2421 1
2987 2543 2719 1
2988 2543 1481 1
2989 2543 2397 1
2990 2543 1080 1
2991 2543 2769 1
2992 2543 2575 1
2993 2543 2575 1
2994 2543 1752 1
2995 2543 1029 1
2996 2543 2157 1
2997 2543 967 1
2998 2947 2194 1
2999 2947 1767 1
3000 2947 1662 1
3001 2947 1920 1
3002 2947 1495 1
3003 2947 1777 1
3004 2947 2360 1
3005 2947 2506 1
3006 2947 985 1
3007 2947 1010 1
3008 2947 1294 1
3009 2947 2523 1
3010 2947 2584 1
3011 2947 2612 1
3012 2947 1324 1
3013 2947 1276 1
3014 2947 1842 1
3015 2947 2544 1
3016 2947 2052 1
3017 2947 2892 1
3018 2135 1391 1
3019 2135 1022 1
3020 2135 878 1
3021 2135 2605 1
3022 2135 1083 1
3023 2135 2724 1
3024 2135 4643 2
3025 2135 1464 1
3026 2135 2092 1
3027 2135 2261 1
3028 2135 2261 1
3029 2135 2821 1
3030 2135 1197 1
3031 2135 946 1
3032 2135 1963 1
3033 2135 2604 1
3034 2135 2945 1
3035 2135 2123 1
3036 2135 2178 1
3037 2135 2121 1
3038 2135 1780 1
3039 2764 2869 1
3040 2764 871 1
3041 2764 2797 1
3042 2764 1550 1
3043 2764 2566 1
3044 2764 1833 1
3045 2764 1033 1
3046 2764 2576 1
3047 2764 986 1
3048 2764 2907 1
3049 2764 2924 1
3050 2764 2663 1
3051 2764 2255 1
3052 2764 2813 1
3053 2764 1511 1
3054 2764 1301 1
3055 2764 1025 1
3056 2764 1025 1
3057 2764 2293 1
3058 2764 1474 1
3059 2764 2519 1
3060 2329 1528 1
3061 2329 1939 1
3062 2329 1332 1
3063 2329 2410 1
3064 2329 2036 1
3065 2329 1336 1
3066 2329 1145 1
3067 2329 1690 1
3068 2329 1690 1
3069 2329 2108 1
3070 2329 2946 1
3071 2329 1706 1
3072 2329 2926 1
3073 2329 2008 1
3074 2329 994 1
3075 4642 2701 2
3076 2329 1563 1
3077 2329 2720 1
3078 2329 987 1
3079 2329 2406 1
3080 2329 1871 1
3081 2264 2708 1
3082 2264 2708 1
3083 2264 2011 1
3084 2264 2687 1
3085 2264 2844 1
3086 2264 1572 1
3087 2264 2130 1
3088 2264 2150 1
3089 2264 2080 1
3090 2264 2091 1
3091 2264 1551 1
3092 2264 1137 1
3093 2264 2248 1
3094 2264 2446 1
3095 2264 2446 1
3096 2264 2381 1
3097 2264 1754 1
3098 2264 1493 1
3099 2264 2838 1
3100 2264 2359 1
3101 2264 864 1
3102 2264 2812 1
3103 2264 2812 1
3104 1937 2028 1
3105 1937 2478 1
3106 1937 1459 1
3107 1937 2225 1
3108 1937 2616 1
3109 1937 2839 1
3110 1937 1707 1
3111 1937 1144 1
3112 1937 1498 1
3113 1937 2003 1
3114 1937 2003 1
3115 1937 2763 1
3116 1937 2426 1
3117 1937 1109 1
3118 4642 2666 2
3119 1937 1168 1
3120 1937 2906 1
3121 1937 1011 1
3122 1937 1337 1
3123 1937 2372 1
3124 1937 1935 1
3125 1937 1935 1
3126 2915 1845 1
3127 2915 1595 1
3128 2915 1009 1
3129 2915 2131 1
3130 2915 2131 1
3131 2915 2904 1
3132 2915 1804 1
3133 2915 1333 1
3134 2915 1503 1
3135 2915 1924 1
3136 2915 2246 1
3137 2915 1832 1
3138 2915 1775 1
3139 2915 1640 1
3140 2915 1113 1
3141 2915 1113 1
3142 2915 2462 1
3143 2915 2807 1
3144 2915 1116 1
3145 2915 2048 1
3146 2915 2407 1
3147 2915 999 1
3148 2915 999 1
3149 2307 2262 1
3150 2307 1235 1
3151 2307 1638 1
3152 2307 2323 1
3153 2307 1916 1
3154 2307 1645 1
3155 2307 2596 1
3156 2307 2798 1
3157 2307 2717 1
3158 2307 2204 1
3159 2307 1739 1
3160 2307 1843 1
3161 2307 2442 1
3162 2307 1753 1
3163 2307 1984 1
3164 2307 1712 1
3165 2307 2169 1
3166 2307 2169 1
3167 2307 2256 1
3168 2307 2256 1
3169 2307 4643 2
3170 2307 927 1
3171 2022 1026 1
3172 2022 1041 1
3173 2022 2348 1
3174 2022 1380 1
3175 2022 1965 1
3176 2022 2464 1
3177 2022 982 1
3178 2022 2816 1
3179 2022 2929 1
3180 2022 1890 1
3181 2022 1338 1
3182 2022 1597 1
3183 2022 2747 1
3184 2022 1056 1
3185 2022 1478 1
3186 2022 1553 1
3187 2022 1270 1
3188 2022 1159 1
3189 2022 1457 1
3190 2022 2836 1
3191 2290 2298 1
3192 2290 1047 1
3193 2290 1422 1
3194 2290 1096 1
3195 2290 1764 1
3196 2290 2934 1
3197 2290 1729 1
3198 2290 1139 1
3199 2290 2417 1
3200 2290 2885 1
3201 2290 2585 1
3202 2290 1855 1
3203 2290 2689 1
3204 2290 978 1
3205 2290 1861 1
3206 2290 2600 1
3207 2290 895 1
3208 2290 1100 1
3209 2290 1676 1
3210 2290 879 1
3211 2290 879 1
3212 2691 2180 1
3213 2691 1784 1
3214 2691 1727 1
3215 2691 858 1
3216 2691 1969 1
3217 2691 1005 1
3218 2691 2487 1
3219 2691 859 1
3220 2691 1972 1
3221 2691 2143 1
3222 2691 1925 1
3223 2691 2549 1
3224 2691 1507 1
3225 2691 1547 1
3226 2691 1648 1
3227 2691 1053 1
3228 2691 2635 1
3229 2691 2635 1
3230 2691 1236 1
3231 2691 1364 1
3232 2691 1835 1
3233 2317 2222 1
3234 2317 2145 1
3235 2317 1405 1
3236 2317 1413 1
3237 2317 1470 1
3238 4642 1268 2
3239 2317 2013 1
3240 2317 2517 1
3241 2317 2664 1
3242 2317 1489 1
3243 2317 2801 1
3244 2317 1201 1
3245 2317 1201 1
3246 2317 1530 1
3247 2317 2006 1
3248 2317 930 1
3249 2317 968 1
3250 2317 2343 1
3251 2317 1936 1
3252 2317 2948 1
3253 2317 2433 1
3254 2660 1027 1
3255 2660 2555 1
3256 2660 2820 1
3257 2660 1032 1
3258 2660 1032 1
3259 2660 1216 1
3260 2660 945 1
3261 2660 945 1
3262 2660 2047 1
3263 2660 2378 1
3264 2660 2265 1
3265 2660 2265 1
3266 2660 2876 1
3267 2660 1968 1
3268 2660 1778 1
3269 2660 2111 1
3270 2660 1877 1
3271 2660 1919 1
3272 2660 2683 1
3273 2660 2777 1
3274 2660 1186 1
3275 2660 1895 1
3276 2660 1458 1
3277 2297 1455 1
3278 2297 2681 1
3279 2297 2490 1
3280 2297 867 1
3281 2297 2822 1
3282 2297 2368 1
3283 2297 2349 1
3284 2297 1112 1
3285 2297 1289 1
3286 2297 1221 1
3287 2297 1274 1
3288 2297 1261 1
3289 2297 2537 1
3290 2297 1584 1
3291 2297 2497 1
3292 2297 4643 2
3293 2297 1161 1
3294 2297 1630 1
3295 2297 2741 1
3296 2297 1788 1
3297 2297 2077 1
3298 2335 2883 1
3299 2335 2530 1
3300 2335 1200 1
3301 2335 1202 1
3302 2335 1840 1
3303 2335 958 1
3304 2335 2771 1
3305 2335 2128 1
3306 2335 1358 1
3307 2335 1773 1
3308 2335 2841 1
3309 2335 1125 1
3310 2335 4643 2
3311 2335 2448 1
3312 2335 1452 1
3313 2335 1452 1
3314 2335 2296 1
3315 2335 2284 1
3316 2335 2400 1
3317 2335 1043 1
3318 2335 1681 1
3319 2953 1757 1
3320 2953 1363 1
3321 2953 2429 1
3322 2953 2825 1
3323 2953 1708 1
3324 2953 1408 1
3325 2953 1408 1
3326 2953 1592 1
3327 2953 2633 1
3328 2953 1177 1
3329 2953 1763 1
3330 2953 1428 1
3331 2953 1552 1
3332 2953 1744 1
3333 2953 1671 1
3334 2953 2260 1
3335 2953 1701 1
3336 2953 1059 1
3337 2953 2112 1
3338 2953 2765 1
3339 2953 1130 1
3340 1698 2162 1
3341 1698 1813 1
3342 1698 2237 1
3343 1698 2250 1
3344 1698 1979 1
3345 1698 1636 1
3346 1698 1672 1
3347 1698 1672 1
3348 1698 1975 1
3349 1698 1251 1
3350 1698 2281 1
3351 1698 2528 1
3352 1698 1305 1
3353 1698 1590 1
3354 1698 922 1
3355 1698 1666 1
3356 1698 2738 1
3357 1698 1964 1
3358 1698 2292 1
3359 1698 4643 2
3360 1698 2411 1
3361 1698 2411 1
3362 1953 1209 1
3363 1953 2486 1
3364 1953 2901 1
3365 1953 2314 1
3366 4642 1982 2
3367 1953 2212 1
3368 4642 2912 2
3369 1953 1376 1
3370 1953 1588 1
3371 1953 4643 2
3372 1953 1864 1
3373 1953 2773 1
3374 1953 2334 1
3375 1953 873 1
3376 1953 1618 1
3377 1953 1400 1
3378 1953 1958 1
3379 1953 2705 1
3380 1953 2671 1
3381 4642 1605 2
3382 2660 1871 1
3383 2660 1478 1
3384 2660 3327 1
3385 2660 1595 1
3386 2660 2120 1
3387 2660 1636 1
3388 2660 1832 1
3389 2660 1895 1
3390 2660 2901 1
3391 2660 3048 1
3392 2660 1337 1
3393 2660 2411 1
3394 2660 1458 1
3395 2660 1553 1
3396 2660 3149 1
3397 2660 3210 1
3398 2660 3210 1
3399 2660 2256 1
3400 2660 2256 1
3401 2660 3021 1
3402 2660 3026 1
3403 2660 4643 2
3404 3000 2616 1
3405 3000 1428 1
3406 3000 2530 1
3407 3000 2724 1
3408 3000 2162 1
3409 3000 2248 1
3410 3000 2549 1
3411 3000 2130 1
3412 3000 2036 1
3413 3000 1968 1
3414 3000 1752 1
3415 3000 2354 1
3416 3000 1701 1
3417 3000 1638 1
3418 3000 1380 1
3419 3000 2892 1
3420 3000 3141 1
3421 3000 2777 1
3422 3000 2720 1
3423 3000 1753 1
3424 3366 1757 1
3425 3366 3193 1
3426 3366 3159 1
3427 3366 2045 1
3428 3366 1550 1
3429 3366 3330 1
3430 3366 2635 1
3431 3366 1528 1
3432 3366 1670 1
3433 3366 2128 1
3434 3366 2293 1
3435 3366 3010 1
3436 3366 2666 1
3437 3366 1552 1
3438 3366 1552 1
3439 3366 2967 1
3440 3366 2555 1
3441 3366 1855 1
3442 3366 2260 1
3443 3366 3070 1
3444 3366 3310 1
3445 2764 1657 1
3446 2764 1969 1
3447 2764 1422 1
3448 2764 2633 1
3449 2764 2633 1
3450 2764 2858 1
3451 2764 2738 1
3452 2764 2948 1
3453 4642 1791 2
3454 2764 2412 1
3455 2764 2412 1
3456 2764 1935 1
3457 4642 2028 2
3458 2764 1459 1
3459 2764 3300 1
3460 2764 3300 1
3461 2764 2683 1
3462 2764 3006 1
3463 2764 1690 1
3464 2764 1563 1
3465 2764 2343 1
3466 2764 1813 1
3467 2764 2798 1
3468 3328 1835 1
3469 3328 2544 1
3470 3328 3190 1
3471 3328 1507 1
3472 3328 1712 1
3473 3328 1964 1
3474 3328 2349 1
3475 3328 2132 1
3476 3328 3090 1
3477 3328 2334 1
3478 3328 2771 1
3479 3328 1936 1
3480 3328 1413 1
3481 3328 3081 1
3482 3328 3212 1
3483 3328 2448 1
3484 3328 2566 1
3485 3328 1840 1
3486 3328 2966 1
3487 3328 2296 1
3488 2317 3233 1
3489 2317 3220 1
3490 2317 3275 1
3491 2317 1338 1
3492 2317 3173 1
3493 2317 2801 1
3494 2317 2719 1
3495 2317 3121 1
3496 2317 3178 1
3497 2317 3178 1
3498 2317 2885 1
3499 2317 3229 1
3500 2317 2904 1
3501 2317 3318 1
3502 2317 3162 1
3503 2317 2262 1
3504 2317 1364 1
3505 2317 2150 1
3506 2317 1588 1
3507 2317 1671 1
3508 2317 2464 1
3509 2947 2314 1
3510 2947 1640 1
3511 2947 1640 1
3512 2947 2585 1
3513 2947 2523 1
3514 2947 2741 1
3515 2947 2111 1
3516 2947 2180 1
3517 2947 3151 1
3518 2947 1982 1
3519 2947 3175 1
3520 2947 1592 1
3521 2947 2368 1
3522 2947 1845 1
3523 2947 2042 1
3524 2947 1784 1
3525 2947 3168 1
3526 2947 3168 1
3527 2947 1305 1
3528 2947 2813 1
3529 2947 1391 1
3530 2947 2178 1
3531 2915 2812 1
3532 2915 3337 1
3533 2915 2605 1
3534 2915 1333 1
3535 2915 2091 1
3536 2915 2600 1
3537 4642 2596 2
3538 2915 2816 1
3539 2915 2052 1
3540 2915 1890 1
3541 2915 3107 1
3542 2915 1662 1
3543 2915 1547 1
3544 2915 2169 1
3545 2915 1916 1
3546 2915 3044 1
3547 2915 2003 1
3548 2915 1324 1
3549 2915 1376 1
3550 2915 3313 1
3551 2915 3313 1
3552 3131 3240 1
3553 3131 2797 1
3554 3131 2281 1
3555 3131 1408 1
3556 3131 1877 1
3557 3131 2478 1
3558 3131 1672 1
3559 3131 3325 1
3560 3131 2406 1
3561 3131 3023 1
3562 3131 2747 1
3563 3131 2292 1
3564 3131 3256 1
3565 3131 2145 1
3566 3131 3129 1
3567 3131 1681 1
3568 3131 2708 1
3569 3131 1551 1
3570 3131 2397 1
3571 3131 1301 1
3572 2543 3145 1
3573 2543 2519 1
3574 2543 3194 1
3575 2543 3194 1
3576 2543 1400 1
3577 2543 2446 1
3578 2543 2986 1
3579 2543 3281 1
3580 2543 1842 1
3581 2543 2876 1
3582 2543 1984 1
3583 2543 1833 1
3584 2543 1597 1
3585 2543 1630 1
3586 2543 2047 1
3587 2543 1518 1
3588 2543 2934 1
3589 2543 1729 1
3590 2543 2048 1
3591 2543 2121 1
3592 2543 1919 1
3593 3136 1358 1
3594 3136 1775 1
3595 3136 2323 1
3596 3136 2255 1
3597 4642 1495 2
3598 3136 2821 1
3599 3136 1939 1
3600 3136 1455 1
3601 3136 1861 1
3602 3136 2360 1
3603 3136 1572 1
3604 3136 2143 1
3605 3136 2945 1
3606 3136 1297 1
3607 3136 1773 1
3608 3136 1924 1
3609 3136 2547 1
3610 3136 3244 1
3611 3136 1666 1
3612 3136 2839 1
3613 3189 1511 1
3614 3189 2008 1
3615 3189 1489 1
3616 3189 2705 1
3617 3189 1715 1
3618 3189 1539 1
3619 3189 3276 1
3620 3189 2261 1
3621 3189 1843 1
3622 3189 1780 1
3623 3189 1332 1
3624 3189 1503 1
3625 3189 2417 1
3626 3189 2975 1
3627 4642 1618 2
3628 3189 2250 1
3629 3189 2807 1
3630 3189 2204 1
3631 3189 2604 1
3632 3189 1975 1
3633 2290 2820 1
3634 2290 1739 1
3635 2290 1676 1
3636 2290 2717 1
3637 2290 2717 1
3638 2290 1727 1
3639 2290 2284 1
3640 2290 2838 1
3641 2290 1744 1
3642 2290 2689 1
3643 2290 1864 1
3644 2290 1972 1
3645 2290 1706 1
3646 2290 1706 1
3647 2290 1963 1
3648 2290 1470 1
3649 2290 2671 1
3650 2290 3013 1
3651 2290 2907 1
3652 2290 2517 1
3653 2290 2426 1
3654 2290 3322 1
3655 3242 3287 1
3656 3242 3180 1
3657 3242 3180 1
3658 3242 2237 1
3659 3242 1645 1
3660 3242 1479 1
3661 3242 3058 1
3662 3242 1452 1
3663 3242 1804 1
3664 3242 2575 1
3665 3242 2013 1
3666 3242 2359 1
3667 3242 1925 1
3668 3242 3314 1
3669 3242 2836 1
3670 3242 2462 1
3671 3242 3259 1
3672 3242 2674 1
3673 3242 2246 1
3674 3242 4643 2
3675 3242 2769 1
3676 2691 3091 1
3677 2691 2612 1
3678 2691 1763 1
3679 2691 1965 1
3680 2691 2407 1
3681 2691 2429 1
3682 2691 2006 1
3683 2691 3051 1
3684 2691 2844 1
3685 2691 1530 1
3686 2691 2348 1
3687 2691 3316 1
3688 2691 1648 1
3689 2691 1321 1
3690 2691 2506 1
3691 2691 2822 1
3692 2691 2490 1
3693 2691 1498 1
3694 2691 2421 1
3695 2691 2528 1
3696 2307 1754 1
3697 2307 3215 1
3698 2307 2681 1
3699 2307 1466 1
3700 2307 3154 1
3701 2307 2929 1
3702 2307 2869 1
3703 2307 2077 1
3704 2307 1457 1
3705 2307 1457 1
3706 2307 2926 1
3707 2307 2926 1
3708 2307 2748 1
3709 2307 2215 1
3710 2307 1405 1
3711 2307 3317 1
3712 2307 1289 1
3713 2307 2265 1
3714 2307 1363 1
3715 2307 1483 1
3716 2307 2773 1
3717 2307 3369 1
3718 3364 2486 1
3719 3364 3114 1
3720 3364 1708 1
3721 3364 1708 1
3722 3364 2194 1
3723 3364 2818 1
3724 3364 3085 1
3725 3364 2946 1
3726 3364 4643 2
3727 3364 1336 1
3728 3364 1336 1
3729 3364 2765 1
3730 3364 2011 1
3731 3364 3263 1
3732 3364 1379 1
3733 3364 2763 1
3734 3364 2537 1
3735 3364 2701 1
3736 3364 2157 1
3737 3364 2410 1
3738 3364 2524 1
3739 3364 3335 1
3740 2953 3052 1
3741 2953 2108 1
3742 2953 2112 1
3743 2953 2663 1
3744 2953 2883 1
3745 2953 2433 1
3746 2953 2584 1
3747 2953 1801 1
3748 2953 2372 1
3749 2953 3161 1
3750 2953 1493 1
3751 2953 2131 1
3752 2953 2131 1
3753 2953 1707 1
3754 2953 2664 1
3755 2953 1605 1
3756 2953 2378 1
3757 4642 2123 2
3758 2953 1767 1
3759 2953 2381 1
3760 2953 2825 1
3761 2746 2815 1
3762 2746 1464 1
3763 2746 1958 1
3764 2746 2841 1
3765 2746 3188 1
3766 2746 1979 1
3767 2746 3312 1
3768 2746 1584 1
3769 2746 1584 1
3770 2746 2576 1
3771 2746 1590 1
3772 2746 1474 1
3773 2746 1777 1
3774 2746 1600 1
3775 2746 3098 1
3776 2746 2906 1
3777 2746 1481 1
3778 2746 2924 1
3779 2746 1764 1
3780 2746 1778 1
3781 2746 2225 1
3782 2329 2092 1
3783 2329 2092 1
3784 2329 3099 1
3785 2329 2687 1
3786 2329 2879 1
3787 2329 3252 1
3788 2329 2298 1
3789 2329 4643 2
3790 2329 2912 1
3791 2329 2487 1
3792 2329 2960 1
3793 2329 4643 2
3794 2329 2400 1
3795 2329 3250 1
3796 2329 2222 1
3797 2329 1294 1
3798 2329 1294 1
3799 2329 2212 1
3800 2329 1788 1
3801 2329 3332 1
3802 2329 3279 1
3803 2329 2442 1
3804 3366 3529 1
3805 3366 2769 1
3806 3366 2769 1
3807 3366 2178 1
3808 3366 2262 1
3809 3366 3662 1
3810 3366 3048 1
3811 3366 2334 1
3812 3366 2724 1
3813 3366 1763 1
3814 3366 3638 1
3815 3366 2036 1
3816 3366 2411 1
3817 3366 2966 1
3818 3366 2879 1
3819 3366 3161 1
3820 3366 3279 1
3821 4642 2222 2
3822 3366 1965 1
3823 3366 1965 1
3824 3366 3639 1
3825 3366 3151 1
3826 2543 3052 1
3827 2543 4643 2
3828 2543 2717 1
3829 2543 2410 1
3830 2543 3287 1
3831 2543 1936 1
3832 2543 1936 1
3833 2543 2777 1
3834 2543 3415 1
3835 2543 2442 1
3836 2543 4643 2
3837 2543 1804 1
3838 2543 2844 1
3839 2543 2003 1
3840 2543 2011 1
3841 2543 1784 1
3842 2543 4643 2
3843 2543 3682 1
3844 2543 3498 1
3845 2543 3099 1
3846 2543 3402 1
3847 2543 1919 1
3848 3458 1925 1
3849 3458 2212 1
3850 3458 2876 1
3851 3458 2741 1
3852 3458 3777 1
3853 3458 2255 1
3854 3458 1935 1
3855 3458 2128 1
3856 3458 1775 1
3857 3458 3778 1
3858 3458 3524 1
3859 3458 2544 1
3860 3458 3390 1
3861 3458 2616 1
3862 3458 2225 1
3863 3458 3337 1
3864 3458 3325 1
3865 3458 3740 1
3866 3458 2813 1
3867 3458 1727 1
3868 3364 1788 1
3869 3364 3447 1
3870 3364 3609 1
3871 3364 2497 1
3872 3364 1864 1
3873 3364 3642 1
3874 3364 3021 1
3875 3364 3567 1
3876 3364 3233 1
3877 3364 3615 1
3878 3364 3653 1
3879 3364 2506 1
3880 3364 2801 1
3881 3364 2426 1
3882 3364 1801 1
3883 3364 3546 1
3884 3364 3322 1
3885 3364 2359 1
3886 3364 2446 1
3887 3364 1877 1
3888 3189 3090 1
3889 3189 1715 1
3890 3189 2975 1
3891 3189 2406 1
3892 3189 1708 1
3893 3189 2549 1
3894 3189 3495 1
3895 3189 2042 1
3896 3189 1924 1
3897 3189 3058 1
3898 3189 3159 1
3899 3189 2869 1
3900 3189 1958 1
3901 3189 2349 1
3902 3189 2378 1
3903 3189 2635 1
3904 3189 2130 1
3905 4642 3332 2
3906 3189 2719 1
3907 3189 2719 1
3908 3189 2986 1
3909 3798 3114 1
3910 3798 1843 1
3911 3798 3705 1
3912 3798 2747 1
3913 3798 2293 1
3914 3798 2708 1
3915 3798 2169 1
3916 3798 1968 1
3917 3798 2948 1
3918 3798 4643 2
3919 3798 2946 1
3920 3798 2926 1
3921 3798 2633 1
3922 3798 1764 1
3923 3798 2812 1
3924 3798 3180 1
3925 3798 1939 1
3926 3798 2858 1
3927 3798 2612 1
3928 3798 2763 1
3929 3000 3561 1
3930 3000 2108 1
3931 3000 3612 1
3932 3000 2748 1
3933 3000 2433 1
3934 3000 3275 1
3935 3000 2261 1
3936 3000 3499 1
3937 3000 1845 1
3938 3000 2818 1
3939 3000 3570 1
3940 3000 2836 1
3941 3000 2967 1
3942 3000 4643 2
3943 3000 3563 1
3944 3000 3576 1
3945 3000 3622 1
3946 3000 3679 1
3947 3000 2883 1
3948 3000 3560 1
3949 3484 3098 1
3950 3484 2028 1
3951 3484 2052 1
3952 3484 3259 1
3953 3484 3026 1
3954 3484 1791 1
3955 3484 1916 1
3956 3484 3663 1
3957 3484 1871 1
3958 3484 2683 1
3959 3484 3530 1
3960 3484 3220 1
3961 3484 2960 1
3962 3484 3149 1
3963 3484 3592 1
3964 3484 2901 1
3965 3484 2663 1
3966 3484 3168 1
3967 3484 1780 1
3968 3484 3190 1
3969 2764 2674 1
3970 2764 2547 1
3971 2764 2248 1
3972 2764 2765 1
3973 2764 1752 1
3974 2764 1752 1
3975 2764 3276 1
3976 2764 1982 1
3977 2764 2701 1
3978 2764 3737 1
3979 2764 2807 1
3980 2764 2807 1
3981 2764 3240 1
3982 2764 3504 1
3983 2764 2821 1
3984 2764 3772 1
3985 2764 3229 1
3986 2764 3044 1
3987 2764 2907 1
3988 2764 1754 1
3989 2764 2397 1
3990 2764 2537 1
3991 2947 2006 1
3992 2947 2112 1
3993 2947 2555 1
3994 4642 3107 2
3995 2947 3178 1
3996 2947 2250 1
3997 2947 2250 1
3998 2947 1835 1
3999 2947 2121 1
4000 2947 3121 1
4001 2947 1753 1
4002 2947 2092 1
4003 2947 3252 1
4004 2947 2448 1
4005 2947 3070 1
4006 2947 2008 1
4007 2947 2045 1
4008 2947 1840 1
4009 2947 3659 1
4010 2947 3318 1
4011 2947 2343 1
4012 3559 3743 1
4013 3559 2111 1
4014 3559 2265 1
4015 3559 3330 1
4016 3559 3010 1
4017 3559 2720 1
4018 3559 2585 1
4019 3559 2143 1
4020 3559 1984 1
4021 3559 3188 1
4022 3559 3162 1
4023 3559 2904 1
4024 3559 1739 1
4025 3559 1739 1
4026 3559 2671 1
4027 3559 2773 1
4028 3559 3013 1
4029 3559 2924 1
4030 3559 1767 1
4031 3559 3527 1
4032 3559 3256 1
4033 3328 3528 1
4034 4642 2281 2
4035 3328 3423 1
4036 3328 2464 1
4037 3328 2464 1
4038 3328 3759 1
4039 3328 3431 1
4040 3328 2080 1
4041 3328 2486 1
4042 3328 2576 1
4043 3328 3313 1
4044 3328 2825 1
4045 3328 2825 1
4046 3328 2360 1
4047 3328 2566 1
4048 4642 2664 2
4049 3328 2292 1
4050 3328 3473 1
4051 3328 1842 1
4052 3328 1842 1
4053 3328 2013 1
4054 3328 2123 1
4055 3328 3791 1
4056 3782 3387 1
4057 3782 2487 1
4058 3782 1972 1
4059 3782 3327 1
4060 3782 3244 1
4061 3782 2256 1
4062 3782 3006 1
4063 3782 3421 1
4064 3782 3310 1
4065 3782 2705 1
4066 3782 2047 1
4067 3782 1777 1
4068 3782 2180 1
4069 3782 3335 1
4070 3782 3154 1
4071 3782 3540 1
4072 3782 3444 1
4073 3782 3193 1
4074 3782 3648 1
4075 3782 2381 1
4076 3782 2381 1
4077 3136 2584 1
4078 3136 1729 1
4079 3136 3575 1
4080 3136 2666 1
4081 3136 2296 1
4082 3136 3491 1
4083 3136 3491 1
4084 3136 2048 1
4085 3136 3369 1
4086 3136 2815 1
4087 3136 3194 1
4088 3136 2157 1
4089 3136 3596 1
4090 3136 3596 1
4091 3136 3453 1
4092 3136 2421 1
4093 3136 3480 1
4094 3136 2246 1
4095 3136 2145 1
4096 3136 1964 1
4097 3136 2348 1
4098 3136 3459 1
4099 3665 3317 1
4100 3665 1707 1
4101 3665 2605 1
4102 3665 1920 1
4103 3665 1778 1
4104 3665 2077 1
4105 3665 1773 1
4106 3665 2400 1
4107 3665 2517 1
4108 3665 1712 1
4109 3665 2816 1
4110 3665 3353 1
4111 3665 3353 1
4112 3665 2162 1
4113 3665 3173 1
4114 3665 3433 1
4115 3665 2150 1
4116 3665 3312 1
4117 3665 3461 1
4118 3665 2417 1
4119 3665 3212 1
4120 3131 1757 1
4121 3131 2132 1
4122 3131 1701 1
4123 3131 2528 1
4124 3131 3316 1
4125 3131 2600 1
4126 3131 2738 1
4127 3131 1969 1
4128 3131 3672 1
4129 3131 3314 1
4130 3131 2771 1
4131 3131 1895 1
4132 3131 2314 1
4133 3131 2120 1
4134 3131 2462 1
4135 3131 2412 1
4136 3131 3470 1
4137 3131 2689 1
4138 3131 3434 1
4139 3131 3637 1
4140 3131 3637 1
4141 3536 3081 1
4142 3536 2841 1
4143 3536 3085 1
4144 3536 2596 1
4145 3536 3250 1
4146 3536 1890 1
4147 3536 2822 1
4148 3536 2204 1
4149 3536 3597 1
4150 3536 2820 1
4151 3536 3688 1
4152 3536 2575 1
4153 3536 2260 1
4154 3536 2490 1
4155 3536 2490 1
4156 3536 3210 1
4157 3536 1963 1
4158 3536 2798 1
4159 3536 2407 1
4160 3536 2429 1
4161 3536 3594 1
4162 2746 1861 1
4163 2746 2797 1
4164 2746 3428 1
4165 2746 3091 1
4166 2746 3437 1
4167 2746 3686 1
4168 2746 3145 1
4169 2746 3439 1
4170 2746 2912 1
4171 2746 2530 1
4172 2746 3784 1
4173 2746 2838 1
4174 2746 3051 1
4175 2746 3215 1
4176 2746 3215 1
4177 2746 3701 1
4178 2746 3263 1
4179 2746 2519 1
4180 2746 2885 1
4181 2746 2681 1
4182 2746 1833 1
4183 3242 3129 1
4184 3242 3588 1
4185 3242 2323 1
4186 3242 2368 1
4187 4642 3385 2
4188 3242 3334 1
4189 3242 3767 1
4190 3242 1979 1
4191 3242 3141 1
4192 3242 2215 1
4193 3242 2839 1
4194 3242 2934 1
4195 3242 3175 1
4196 3242 2091 1
4197 3242 3521 1
4198 3242 2284 1
4199 3242 2237 1
4200 3242 2354 1
4201 3242 3281 1
4202 3242 2298 1
4203 3735 2523 1
4204 3735 2523 1
4205 3735 1744 1
4206 3735 2372 1
4207 3735 2906 1
4208 3735 3488 1
4209 3735 3677 1
4210 3735 3300 1
4211 3735 2524 1
4212 3735 2478 1
4213 3735 2687 1
4214 3735 2604 1
4215 3735 2131 1
4216 3735 3023 1
4217 3735 3023 1
4218 3735 1813 1
4219 3735 1813 1
4220 3735 2945 1
4221 3735 1832 1
4222 3735 2929 1
4223 3735 2892 1
4224 3735 1975 1
4225 3735 3558 1
4226 3131 2255 1
4227 3131 2924 1
4228 3131 2412 1
4229 3131 3312 1
4230 3131 2265 1
4231 3131 3317 1
4232 3131 3317 1
4233 3131 2131 1
4234 3131 2664 1
4235 3131 3609 1
4236 3131 2633 1
4237 3131 4139 1
4238 3131 2524 1
4239 3131 2130 1
4240 3131 2555 1
4241 3131 2812 1
4242 3131 3318 1
4243 3131 2584 1
4244 3131 3570 1
4245 3131 3114 1
4246 3131 2616 1
4247 3910 3807 1
4248 3910 3575 1
4249 3910 2822 1
4250 3910 2194 1
4251 3910 4060 1
4252 3910 3498 1
4253 3910 3499 1
4254 3910 4042 1
4255 3910 2292 1
4256 3910 4040 1
4257 3910 3048 1
4258 3910 2934 1
4259 3910 3827 1
4260 3910 2497 1
4261 3910 3447 1
4262 3910 3737 1
4263 3910 3229 1
4264 3910 2596 1
4265 3910 3743 1
4266 3910 3421 1
4267 3458 2487 1
4268 3458 2575 1
4269 3458 3682 1
4270 3458 2948 1
4271 3458 3701 1
4272 3458 3955 1
4273 3458 3896 1
4274 3458 4098 1
4275 3458 3178 1
4276 3458 3210 1
4277 3458 3423 1
4278 3458 2906 1
4279 3458 2585 1
4280 3458 2777 1
4281 3458 3322 1
4282 3458 4145 1
4283 3458 3263 1
4284 3458 3588 1
4285 3458 2747 1
4286 3458 2687 1
4287 3735 4160 1
4288 3735 3867 1
4289 3735 3642 1
4290 3735 3434 1
4291 3735 3434 1
4292 3735 2204 1
4293 3735 3058 1
4294 3735 3013 1
4295 3735 4015 1
4296 3735 4104 1
4297 3735 3190 1
4298 3735 2528 1
4299 3735 3313 1
4300 3735 2162 1
4301 3735 3107 1
4302 3735 2359 1
4303 3735 3385 1
4304 3735 3168 1
4305 3735 2462 1
4306 3735 3070 1
4307 3735 2604 1
4308 3364 3576 1
4309 3364 2600 1
4310 3364 2600 1
4311 3364 3903 1
4312 3364 3259 1
4313 3364 3653 1
4314 3364 3129 1
4315 3364 3010 1
4316 3364 3996 1
4317 3364 2821 1
4318 3364 3081 1
4319 3364 4198 1
4320 3364 2975 1
4321 3364 2815 1
4322 3364 2519 1
4323 3364 2519 1
4324 3364 3193 1
4325 3364 3453 1
4326 3364 4048 1
4327 3364 3240 1
4328 3364 2960 1
4329 3364 3437 1
4330 3809 4095 1
4331 3809 3686 1
4332 3809 2354 1
4333 3809 3784 1
4334 3809 2663 1
4335 3809 3091 1
4336 3809 3679 1
4337 3809 2212 1
4338 3809 3791 1
4339 3809 3527 1
4340 3809 3052 1
4341 3809 3220 1
4342 3809 4051 1
4343 3809 4051 1
4344 3809 2446 1
4345 3809 3337 1
4346 3809 3740 1
4347 3809 3907 1
4348 3809 4009 1
4349 3809 4124 1
4350 3809 2506 1
4351 4216 2530 1
4352 4216 2530 1
4353 4216 3767 1
4354 4216 3663 1
4355 4216 2549 1
4356 4216 3914 1
4357 4216 2246 1
4358 4216 2400 1
4359 4216 3992 1
4360 4216 2813 1
4361 4216 2708 1
4362 4216 3540 1
4363 4216 2858 1
4364 4216 2683 1
4365 4216 4201 1
4366 4216 3175 1
4367 4216 3638 1
4368 4216 2929 1
4369 4216 3250 1
4370 4216 2348 1
4371 4216 3688 1
4372 3484 3804 1
4373 3484 2666 1
4374 3484 2926 1
4375 3484 3188 1
4376 4642 2256 2
4377 3484 3592 1
4378 3484 3521 1
4379 3484 3558 1
4380 3484 2544 1
4381 3484 3433 1
4382 3484 2945 1
4383 3484 3958 1
4384 3484 3332 1
4385 3484 3705 1
4386 3484 3560 1
4387 3484 3470 1
4388 3484 4026 1
4389 3484 3141 1
4390 3484 2717 1
4391 3484 2262 1
4392 3484 2262 1
4393 3798 3051 1
4394 3798 3276 1
4395 3798 4029 1
4396 3798 3369 1
4397 3798 4191 1
4398 3798 4140 1
4399 3798 2406 1
4400 3798 3567 1
4401 3798 3977 1
4402 3798 3353 1
4403 3798 4219 1
4404 3798 3145 1
4405 3798 3596 1
4406 3798 3926 1
4407 3798 2576 1
4408 3798 2724 1
4409 3798 2566 1
4410 3798 3968 1
4411 3798 3335 1
4412 3798 2378 1
4413 3536 3845 1
4414 3536 2448 1
4415 3536 2464 1
4416 3536 2892 1
4417 3536 2838 1
4418 3536 3561 1
4419 3536 3431 1
4420 3536 2966 1
4421 4642 2169 2
4422 3536 3006 1
4423 3536 3215 1
4424 3536 2547 1
4425 3536 3275 1
4426 3536 2635 1
4427 3536 3099 1
4428 4642 3495 2
4429 3536 3824 1
4430 3536 4057 1
4431 3536 3390 1
4432 3536 3759 1
4433 4106 4020 1
4434 4106 3162 1
4435 4106 4102 1
4436 4106 2248 1
4437 4106 3594 1
4438 4106 2986 1
4439 4106 3415 1
4440 4106 3637 1
4441 4106 3880 1
4442 4106 3843 1
4443 4106 2771 1
4444 4106 2334 1
4445 4106 2237 1
4446 4642 2429 2
4447 4106 4116 1
4448 4106 2128 1
4449 4106 2421 1
4450 4106 3444 1
4451 4106 2121 1
4452 4106 4111 1
4453 4055 3121 1
4454 4055 3121 1
4455 4055 2748 1
4456 4055 2145 1
4457 4055 3279 1
4458 4055 3622 1
4459 4055 3149 1
4460 4055 2397 1
4461 4055 3330 1
4462 4055 3615 1
4463 4055 3901 1
4464 4055 2260 1
4465 4055 4177 1
4466 4055 2904 1
4467 4055 2442 1
4468 4642 2836 2
4469 4055 3151 1
4470 4055 3316 1
4471 4055 3918 1
4472 4055 3402 1
4473 4055 3044 1
4474 3837 2314 1
4475 3837 2368 1
4476 3837 3672 1
4477 3837 3194 1
4478 3837 2120 1
4479 4642 2523 2
4480 3837 4012 1
4481 3837 4001 1
4482 3837 2225 1
4483 3837 2323 1
4484 3837 3777 1
4485 3837 3459 1
4486 3837 4062 1
4487 3837 2946 1
4488 3837 2349 1
4489 3837 3963 1
4490 3837 2486 1
4491 3837 3098 1
4492 3837 2769 1
4493 3837 2490 1
4494 3189 2912 1
4495 3189 3529 1
4496 3189 3334 1
4497 3189 2517 1
4498 3189 4114 1
4499 3189 4148 1
4500 3189 4148 1
4501 3189 2478 1
4502 3189 4086 1
4503 3189 2883 1
4504 3189 2157 1
4505 3189 2417 1
4506 3189 2773 1
4507 3189 3778 1
4508 3189 4166 1
4509 3189 2844 1
4510 3189 2720 1
4511 3189 3639 1
4512 3189 2820 1
4513 3189 3871 1
4514 3189 2180 1
4515 3559 3325 1
4516 3559 3090 1
4517 3559 3772 1
4518 3559 3256 1
4519 3559 2818 1
4520 3559 2681 1
4521 3559 3173 1
4522 3559 2807 1
4523 3559 4136 1
4524 3559 3546 1
4525 3559 2765 1
4526 3559 3473 1
4527 3559 3327 1
4528 3559 2381 1
4529 3559 2150 1
4530 3559 3244 1
4531 3559 2741 1
4532 3559 2143 1
4533 3559 2222 1
4534 3559 4016 1
4535 3782 3898 1
4536 3782 4165 1
4537 3782 2411 1
4538 3782 2901 1
4539 3782 2612 1
4540 3782 2410 1
4541 3782 3620 1
4542 3782 2885 1
4543 3782 3461 1
4544 3782 4069 1
4545 3782 2123 1
4546 3782 2719 1
4547 3782 3480 1
4548 3782 3936 1
4549 3782 3967 1
4550 3782 3888 1
4551 3782 2907 1
4552 3782 2215 1
4553 3782 2738 1
4554 3782 3287 1
4555 4017 3659 1
4556 4017 2407 1
4557 4017 3934 1
4558 4017 3648 1
4559 4017 2841 1
4560 4017 3180 1
4561 4017 3159 1
4562 4017 3159 1
4563 4017 3300 1
4564 4017 3921 1
4565 4017 4222 1
4566 4017 2426 1
4567 4017 2689 1
4568 4017 3387 1
4569 4017 3563 1
4570 4017 3872 1
4571 4017 2296 1
4572 4017 2801 1
4573 4017 3281 1
4574 4017 3439 1
4575 4017 2876 1
4576 3366 2343 1
4577 3366 2284 1
4578 3366 3026 1
4579 3366 3154 1
4580 3366 3612 1
4581 3366 4643 2
4582 3366 2360 1
4583 3366 2671 1
4584 3366 2816 1
4585 3366 3085 1
4586 3366 3212 1
4587 3366 3212 1
4588 3366 3662 1
4589 3366 2674 1
4590 3366 2701 1
4591 3366 3897 1
4592 3366 3991 1
4593 3366 3530 1
4594 3366 2261 1
4595 3366 3894 1
4596 3366 3894 1
4597 3366 3677 1
4598 3665 2537 1
4599 3665 2879 1
4600 3665 3233 1
4601 3665 3233 1
4602 3665 2605 1
4603 3665 3021 1
4604 3665 2132 1
4605 3665 3597 1
4606 3665 2967 1
4607 3665 2967 1
4608 4642 3314 2
4609 3665 2372 1
4610 3665 2372 1
4611 3665 2798 1
4612 3665 3310 1
4613 3665 2797 1
4614 3665 3959 1
4615 3665 3821 1
4616 3665 3504 1
4617 3665 3984 1
4618 3665 3813 1
4619 3665 2298 1
4620 3665 3524 1
4621 4174 2281 1
4622 4174 3491 1
4623 4174 2433 1
4624 4174 4011 1
4625 4174 2705 1
4626 4174 2705 1
4627 4174 3488 1
4628 4174 4171 1
4629 4174 3528 1
4630 4174 3899 1
4631 4174 3161 1
4632 4174 2839 1
4633 4174 3023 1
4634 4174 3428 1
4635 4174 2178 1
4636 4174 2869 1
4637 4174 2293 1
4638 4174 2763 1
4639 4174 4061 1
4640 4174 3252 1
4641 4174 2250 1
