1 4642 4643 1000
2 4642 4643 1000
3 4642 4643 1000
4 4642 4643 1000
5 4642 4643 1000
6 4642 4643 1000
7 4642 4643 1000
8 4642 4643 1000
9 4642 4643 1000
10 4642 4643 1000
11 4642 4643 1000
12 4642 4643 1000
13 4642 4643 1000
14 4642 4643 1000
15 4642 4643 1000
16 4642 4643 1000
17 4642 4643 1000
18 4642 4643 1000
19 4642 4643 1000
20 4642 4643 1000
21 4642 4643 1000
22 4642 4643 1000
23 4642 4643 1000
24 4642 4643 1000
25 4642 4643 1000
26 4642 4643 1000
27 4642 4643 1000
28 4642 4643 1000
29 4642 4643 1000
30 4642 4643 1000
31 4642 4643 1000
32 4642 4643 1000
33 4642 4643 1000
34 4642 4643 1000
35 4642 4643 1000
36 4642 4643 1000
37 4642 4643 1000
38 4642 4643 1000
39 4642 4643 1000
40 4642 4643 1000
41 4642 4643 1000
42 4642 4643 1000
43 4642 4643 1000
44 4642 4643 1000
45 4642 4643 1000
46 4642 4643 1000
47 4642 4643 1000
48 4642 4643 1000
49 4642 4643 1000
50 4642 4643 1000
51 4642 4643 1000
52 4642 4643 1000
53 4642 4643 1000
54 4642 4643 1000
55 4642 4643 1000
56 4642 4643 1000
57 4642 4643 1000
58 4642 4643 1000
59 4642 4643 1000
60 4642 4643 1000
61 4642 4643 1000
62 4642 4643 1000
63 4642 4643 1000
64 4642 4643 1000
65 4642 4643 1000
66 4642 4643 1000
67 4642 4643 1000
68 4642 4643 1000
69 4642 4643 1000
70 4642 4643 1000
71 4642 4643 1000
72 4642 4643 1000
73 4642 4643 1000
74 4642 4643 1000
75 4642 4643 1000
76 4642 4643 1000
77 4642 4643 1000
78 4642 4643 1000
79 4642 4643 1000
80 4642 4643 1000
81 4642 4643 1000
82 4642 4643 1000
83 4642 4643 1000
84 4642 4643 1000
85 4642 4643 1000
86 4642 4643 1000
87 4642 4643 1000
88 4642 4643 1000
89 4642 4643 1000
90 4642 4643 1000
91 4642 4643 1000
92 4642 4643 1000
93 4642 4643 1000
94 4642 4643 1000
95 4642 4643 1000
96 4642 4643 1000
97 4642 4643 1000
98 4642 4643 1000
99 4642 4643 1000
100 4642 4643 1000
101 4642 4643 1000
102 4642 4643 1000
103 4642 4643 1000
104 4642 4643 1000
105 4642 4643 1000
106 4642 4643 1000
107 4642 4643 1000
108 4642 4643 1000
109 4642 4643 1000
110 4642 4643 1000
111 4642 4643 1000
112 4642 4643 1000
113 4642 4643 1000
114 4642 4643 1000
115 4642 4643 1000
116 4642 4643 1000
117 4642 4643 1000
118 4642 4643 1000
119 4642 4643 1000
120 4642 4643 1000
121 4642 4643 1000
122 4642 4643 1000
123 4642 4643 1000
124 4642 4643 1000
125 4642 4643 1000
126 4642 4643 1000
127 4642 4643 1000
128 4642 4643 1000
129 4642 4643 1000
130 4642 4643 1000
131 4642 4643 1000
132 4642 4643 1000
133 4642 4643 1000
134 4642 4643 1000
135 4642 4643 1000
136 4642 4643 1000
137 4642 4643 1000
138 4642 4643 1000
139 4642 4643 1000
140 4642 4643 1000
141 4642 4643 1000
142 4642 4643 1000
143 4642 4643 1000
144 4642 4643 1000
145 4642 4643 1000
146 4642 4643 1000
147 4642 4643 1000
148 4642 4643 1000
149 4642 4643 1000
150 4642 4643 1000
151 4642 4643 1000
152 4642 4643 1000
153 4642 4643 1000
154 4642 4643 1000
155 4642 4643 1000
156 4642 4643 1000
157 4642 4643 1000
158 4642 4643 1000
159 4642 4643 1000
160 4642 4643 1000
161 4642 4643 1000
162 4642 4643 1000
163 4642 4643 1000
164 4642 4643 1000
165 4642 4643 1000
166 4642 4643 1000
167 4642 4643 1000
168 4642 4643 1000
169 4642 4643 1000
170 4642 4643 1000
171 4642 4643 1000
172 4642 4643 1000
173 4642 4643 1000
174 4642 4643 1000
175 4642 4643 1000
176 4642 4643 1000
177 4642 4643 1000
178 4642 4643 1000
179 4642 4643 1000
180 4642 4643 1000
181 4642 4643 1000
182 4642 4643 1000
183 4642 4643 1000
184 4642 4643 1000
185 4642 4643 1000
186 4642 4643 1000
187 4642 4643 1000
188 4642 4643 1000
189 4642 4643 1000
190 4642 4643 1000
191 4642 4643 1000
192 4642 4643 1000
193 4642 4643 1000
194 4642 4643 1000
195 4642 4643 1000
196 4642 4643 1000
197 4642 4643 1000
198 4642 4643 1000
199 4642 4643 1000
200 4642 4643 1000
201 4642 4643 1000
202 4642 4643 1000
203 4642 4643 1000
204 4642 4643 1000
205 4642 4643 1000
206 4642 4643 1000
207 4642 4643 1000
208 4642 4643 1000
209 4642 4643 1000
210 4642 4643 1000
211 4642 4643 1000
212 4642 4643 1000
213 4642 4643 1000
214 4642 4643 1000
215 4642 4643 1000
216 4642 4643 1000
217 4642 4643 1000
218 4642 4643 1000
219 4642 4643 1000
220 4642 4643 1000
221 4642 4643 1000
222 4642 4643 1000
223 4642 4643 1000
224 4642 4643 1000
225 4642 4643 1000
226 4642 4643 1000
227 4642 4643 1000
228 4642 4643 1000
229 4642 4643 1000
230 4642 4643 1000
231 4642 4643 1000
232 4642 4643 1000
233 4642 4643 1000
234 4642 4643 1000
235 4642 4643 1000
236 4642 4643 1000
237 4642 4643 1000
238 4642 4643 1000
239 4642 4643 1000
240 4642 4643 1000
241 4642 4643 1000
242 4642 4643 1000
243 4642 4643 1000
244 4642 4643 1000
245 4642 4643 1000
246 4642 4643 1000
247 4642 4643 1000
248 4642 4643 1000
249 4642 4643 1000
250 4642 4643 1000
251 4642 4643 1000
252 4642 4643 1000
253 4642 4643 1000
254 4642 4643 1000
255 4642 4643 1000
256 4642 4643 1000
257 4642 4643 1000
258 4642 4643 1000
259 4642 4643 1000
260 4642 4643 1000
261 4642 4643 1000
262 4642 4643 1000
263 4642 4643 1000
264 4642 4643 1000
265 4642 4643 1000
266 4642 4643 1000
267 4642 4643 1000
268 4642 4643 1000
269 4642 4643 1000
270 4642 4643 1000
271 4642 4643 1000
272 4642 4643 1000
273 4642 4643 1000
274 4642 4643 1000
275 4642 4643 1000
276 4642 4643 1000
277 4642 4643 1000
278 4642 4643 1000
279 4642 4643 1000
280 4642 4643 1000
281 4642 4643 1000
282 4642 4643 1000
283 4642 4643 1000
284 4642 4643 1000
285 4642 4643 1000
286 4642 4643 1000
287 4642 4643 1000
288 4642 4643 1000
289 4642 4643 1000
290 4642 4643 1000
291 4642 4643 1000
292 4642 4643 1000
293 4642 4643 1000
294 4642 4643 1000
295 4642 4643 1000
296 4642 4643 1000
297 4642 4643 1000
298 4642 4643 1000
299 4642 4643 1000
300 4642 4643 1000
301 4642 4643 1000
302 4642 4643 1000
303 4642 4643 1000
304 4642 4643 1000
305 4642 4643 1000
306 4642 4643 1000
307 4642 4643 1000
308 4642 4643 1000
309 4642 4643 1000
310 4642 4643 1000
311 4642 4643 1000
312 4642 4643 1000
313 4642 4643 1000
314 4642 4643 1000
315 4642 4643 1000
316 4642 4643 1000
317 4642 4643 1000
318 4642 4643 1000
319 4642 4643 1000
320 4642 4643 1000
321 4642 4643 1000
322 4642 4643 1000
323 4642 4643 1000
324 4642 4643 1000
325 4642 4643 1000
326 4642 4643 1000
327 4642 4643 1000
328 4642 4643 1000
329 4642 4643 1000
330 4642 4643 1000
331 4642 4643 1000
332 4642 4643 1000
333 4642 4643 1000
334 4642 4643 1000
335 4642 4643 1000
336 4642 4643 1000
337 4642 4643 1000
338 4642 4643 1000
339 4642 4643 1000
340 4642 4643 1000
341 4642 4643 1000
342 4642 4643 1000
343 4642 4643 1000
344 4642 4643 1000
345 4642 4643 1000
346 4642 4643 1000
347 4642 4643 1000
348 4642 4643 1000
349 4642 4643 1000
350 4642 4643 1000
351 4642 4643 1000
352 4642 4643 1000
353 4642 4643 1000
354 4642 4643 1000
355 4642 4643 1000
356 4642 4643 1000
357 4642 4643 1000
358 4642 4643 1000
359 4642 4643 1000
360 4642 4643 1000
361 4642 4643 1000
362 4642 4643 1000
363 4642 4643 1000
364 4642 4643 1000
365 4642 4643 1000
366 4642 4643 1000
367 4642 4643 1000
368 4642 4643 1000
369 4642 4643 1000
370 4642 4643 1000
371 4642 4643 1000
372 4642 4643 1000
373 4642 4643 1000
374 4642 4643 1000
375 4642 4643 1000
376 4642 4643 1000
377 4642 4643 1000
378 4642 4643 1000
379 4642 4643 1000
380 4642 4643 1000
381 4642 4643 1000
382 4642 4643 1000
383 4642 4643 1000
384 4642 4643 1000
385 4642 4643 1000
386 4642 4643 1000
387 4642 4643 1000
388 4642 4643 1000
389 4642 4643 1000
390 4642 4643 1000
391 4642 4643 1000
392 4642 4643 1000
393 4642 4643 1000
394 4642 4643 1000
395 4642 4643 1000
396 4642 4643 1000
397 4642 4643 1000
398 4642 4643 1000
399 4642 4643 1000
400 4642 4643 1000
401 4642 4643 1000
402 4642 4643 1000
403 4642 4643 1000
404 4642 4643 1000
405 4642 4643 1000
406 4642 4643 1000
407 4642 4643 1000
408 4642 4643 1000
409 4642 4643 1000
410 4642 4643 1000
411 4642 4643 1000
412 4642 4643 1000
413 4642 4643 1000
414 4642 4643 1000
415 4642 4643 1000
416 4642 4643 1000
417 4642 4643 1000
418 4642 4643 1000
419 4642 4643 1000
420 4642 4643 1000
421 18 334 2000
422 18 89 2000
423 18 292 2000
424 18 242 2000
425 18 109 2000
426 18 392 2000
427 18 389 2000
428 18 203 2000
429 18 361 2000
430 18 271 2000
431 18 409 2000
432 18 372 2000
433 18 60 2000
434 18 118 2000
435 18 170 2000
436 18 299 2000
437 18 97 2000
438 18 382 2000
439 18 25 2000
440 18 237 2000
441 14 353 2000
442 14 342 2000
443 14 398 2000
444 14 156 2000
445 14 377 2000
446 14 235 2000
447 14 286 2000
448 14 302 2000
449 14 47 2000
450 14 116 2000
451 14 148 2000
452 14 294 2000
453 14 261 2000
454 14 22 2000
455 14 383 2000
456 14 231 2000
457 14 315 2000
458 14 418 2000
459 14 66 2000
460 14 416 2000
461 6 264 2000
462 6 270 2000
463 6 187 2000
464 6 241 2000
465 6 278 2000
466 6 412 2000
467 6 122 2000
468 6 129 2000
469 6 285 2000
470 6 65 2000
471 6 256 2000
472 6 174 2000
473 6 49 2000
474 6 373 2000
475 6 343 2000
476 6 344 2000
477 6 312 2000
478 6 293 2000
479 6 53 2000
480 6 321 2000
481 11 410 2000
482 11 288 2000
483 11 102 2000
484 11 284 2000
485 11 99 2000
486 11 70 2000
487 11 158 2000
488 11 151 2000
489 11 182 2000
490 11 358 2000
491 11 161 2000
492 11 104 2000
493 11 380 2000
494 11 371 2000
495 11 384 2000
496 11 207 2000
497 11 106 2000
498 11 365 2000
499 11 146 2000
500 11 328 2000
501 15 124 2000
502 15 112 2000
503 15 149 2000
504 15 193 2000
505 15 193 2000
506 15 64 2000
507 15 329 2000
508 15 96 2000
509 15 96 2000
510 15 408 2000
511 15 247 2000
512 15 4643 1333
513 15 276 2000
514 15 340 2000
515 15 186 2000
516 15 225 2000
517 15 88 2000
518 15 414 2000
519 15 308 2000
520 15 206 2000
521 15 190 2000
522 15 411 2000
523 2 333 2000
524 2 333 2000
525 2 228 2000
526 2 24 2000
527 2 337 2000
528 2 388 2000
529 2 181 2000
530 2 113 2000
531 2 370 2000
532 2 234 2000
533 2 137 2000
534 2 221 2000
535 2 341 2000
536 2 114 2000
537 2 413 2000
538 2 265 2000
539 2 265 2000
540 2 390 2000
541 2 67 2000
542 2 322 2000
543 2 62 2000
544 2 108 2000
545 4 268 2000
546 4 81 2000
547 4 378 2000
548 4 378 2000
549 4 238 2000
550 4 176 2000
551 4 147 2000
552 4 296 2000
553 4 139 2000
554 4 251 2000
555 4 52 2000
556 4 134 2000
557 4 172 2000
558 4 326 2000
559 4 267 2000
560 4 183 2000
561 4 226 2000
562 4 222 2000
563 4 259 2000
564 4 360 2000
565 4 86 2000
566 10 272 2000
567 10 79 2000
568 10 79 2000
569 10 4643 1333
570 10 191 2000
571 10 250 2000
572 10 260 2000
573 10 120 2000
574 10 120 2000
575 10 255 2000
576 10 320 2000
577 10 45 2000
578 10 135 2000
579 10 374 2000
580 10 310 2000
581 10 230 2000
582 10 68 2000
583 10 164 2000
584 10 164 2000
585 10 50 2000
586 10 227 2000
587 10 29 2000
588 10 29 2000
589 10 145 2000
590 9 295 2000
591 9 319 2000
592 9 402 2000
593 9 51 2000
594 9 100 2000
595 9 107 2000
596 9 136 2000
597 9 40 2000
598 9 304 2000
599 9 338 2000
600 9 307 2000
601 9 155 2000
602 9 166 2000
603 9 266 2000
604 9 87 2000
605 9 72 2000
606 9 27 2000
607 9 336 2000
608 9 208 2000
609 9 335 2000
610 17 239 2000
611 17 123 2000
612 17 123 2000
613 17 351 2000
614 17 91 2000
615 17 91 2000
616 17 35 2000
617 17 244 2000
618 17 36 2000
619 17 290 2000
620 17 85 2000
621 17 357 2000
622 17 366 2000
623 17 401 2000
624 17 393 2000
625 17 74 2000
626 17 32 2000
627 17 178 2000
628 17 175 2000
629 17 201 2000
630 17 4643 1333
631 17 115 2000
632 17 4643 1333
633 1 246 2000
634 1 399 2000
635 1 399 2000
636 1 232 2000
637 1 167 2000
638 1 236 2000
639 1 327 2000
640 1 213 2000
641 1 180 2000
642 1 34 2000
643 1 281 2000
644 1 150 2000
645 1 188 2000
646 1 44 2000
647 1 404 2000
648 1 400 2000
649 4642 254 1333
650 1 219 2000
651 1 21 2000
652 1 350 2000
653 1 347 2000
654 8 359 2000
655 8 197 2000
656 8 385 2000
657 8 75 2000
658 8 368 2000
659 8 368 2000
660 8 142 2000
661 8 301 2000
662 8 163 2000
663 8 163 2000
664 8 185 2000
665 8 229 2000
666 8 332 2000
667 8 43 2000
668 8 324 2000
669 8 303 2000
670 8 73 2000
671 8 23 2000
672 8 375 2000
673 8 61 2000
674 8 277 2000
675 8 291 2000
676 5 364 2000
677 5 98 2000
678 5 407 2000
679 5 403 2000
680 5 298 2000
681 5 289 2000
682 5 143 2000
683 5 138 2000
684 5 300 2000
685 5 119 2000
686 5 297 2000
687 5 78 2000
688 5 78 2000
689 5 348 2000
690 5 110 2000
691 4642 128 1333
692 5 248 2000
693 5 117 2000
694 5 168 2000
695 5 168 2000
696 5 218 2000
697 5 162 2000
698 19 262 2000
699 19 30 2000
700 19 318 2000
701 19 103 2000
702 19 59 2000
703 19 171 2000
704 19 126 2000
705 19 376 2000
706 19 56 2000
707 19 194 2000
708 19 349 2000
709 19 132 2000
710 19 4643 1333
711 19 305 2000
712 19 127 2000
713 19 196 2000
714 19 80 2000
715 19 121 2000
716 19 346 2000
717 19 133 2000
718 3 152 2000
719 3 95 2000
720 3 209 2000
721 3 330 2000
722 3 71 2000
723 3 287 2000
724 3 287 2000
725 3 215 2000
726 3 212 2000
727 3 282 2000
728 3 58 2000
729 3 397 2000
730 3 42 2000
731 3 42 2000
732 3 159 2000
733 3 77 2000
734 3 405 2000
735 3 363 2000
736 3 144 2000
737 3 316 2000
738 3 101 2000
739 3 173 2000
740 20 165 2000
741 20 245 2000
742 20 396 2000
743 20 220 2000
744 20 131 2000
745 20 154 2000
746 20 46 2000
747 20 331 2000
748 20 395 2000
749 20 283 2000
750 20 31 2000
751 20 189 2000
752 20 125 2000
753 20 94 2000
754 20 306 2000
755 20 37 2000
756 20 39 2000
757 20 352 2000
758 20 84 2000
759 20 111 2000
760 12 199 2000
761 12 205 2000
762 12 93 2000
763 12 309 2000
764 12 233 2000
765 12 258 2000
766 12 57 2000
767 12 160 2000
768 12 325 2000
769 12 69 2000
770 12 253 2000
771 12 211 2000
772 12 26 2000
773 12 26 2000
774 12 210 2000
775 12 192 2000
776 12 269 2000
777 12 406 2000
778 12 323 2000
779 12 141 2000
780 12 274 2000
781 16 157 2000
782 16 217 2000
783 16 240 2000
784 16 275 2000
785 16 184 2000
786 16 200 2000
787 16 279 2000
788 16 48 2000
789 16 214 2000
790 16 249 2000
791 16 82 2000
792 4642 386 1333
793 16 55 2000
794 16 394 2000
795 16 391 2000
796 16 28 2000
797 16 369 2000
798 16 90 2000
799 16 280 2000
800 16 83 2000
801 7 339 2000
802 7 317 2000
803 7 379 2000
804 7 92 2000
805 7 195 2000
806 7 195 2000
807 7 54 2000
808 7 387 2000
809 7 33 2000
810 7 33 2000
811 7 263 2000
812 7 415 2000
813 7 252 2000
814 7 356 2000
815 7 140 2000
816 7 345 2000
817 7 355 2000
818 7 354 2000
819 7 4643 1333
820 7 76 2000
821 7 76 2000
822 7 216 2000
823 7 63 2000
824 13 224 2000
825 13 257 2000
826 13 257 2000
827 13 223 2000
828 13 177 2000
829 13 311 2000
830 13 130 2000
831 13 362 2000
832 13 243 2000
833 13 417 2000
834 13 381 2000
835 13 314 2000
836 13 105 2000
837 13 38 2000
838 13 420 2000
839 13 313 2000
840 13 179 2000
841 13 198 2000
842 13 198 2000
843 13 41 2000
844 13 41 2000
845 13 204 2000
846 13 169 2000
847 654 182 2000
848 654 32 2000
849 654 282 2000
850 654 358 2000
851 654 156 2000
852 654 725 2000
853 654 725 2000
854 654 353 2000
855 654 333 2000
856 654 333 2000
857 654 82 2000
858 654 592 2000
859 654 25 2000
860 654 59 2000
861 654 93 2000
862 654 123 2000
863 654 329 2000
864 654 329 2000
865 654 49 2000
866 654 537 2000
867 654 102 2000
868 654 214 2000
869 654 69 2000
870 734 638 2000
871 734 180 2000
872 734 406 2000
873 734 215 2000
874 734 267 2000
875 734 236 2000
876 734 89 2000
877 734 801 2000
878 734 366 2000
879 734 343 2000
880 734 210 2000
881 734 37 2000
882 734 205 2000
883 734 64 2000
884 734 550 2000
885 734 70 2000
886 734 240 2000
887 734 735 2000
888 734 181 2000
889 734 342 2000
890 783 116 2000
891 783 151 2000
892 783 221 2000
893 783 244 2000
894 783 112 2000
895 783 250 2000
896 783 138 2000
897 783 281 2000
898 783 516 2000
899 783 516 2000
900 783 99 2000
901 783 183 2000
902 783 351 2000
903 783 376 2000
904 783 48 2000
905 783 364 2000
906 783 152 2000
907 783 152 2000
908 783 308 2000
909 783 86 2000
910 783 283 2000
911 783 75 2000
912 609 43 2000
913 609 249 2000
914 609 287 2000
915 609 416 2000
916 609 290 2000
917 609 341 2000
918 609 486 2000
919 609 233 2000
920 609 167 2000
921 609 424 2000
922 609 78 2000
923 609 311 2000
924 609 291 2000
925 609 55 2000
926 609 389 2000
927 609 386 2000
928 609 94 2000
929 609 23 2000
930 609 314 2000
931 609 345 2000
932 12 708 2000
933 12 146 2000
934 12 241 2000
935 12 405 2000
936 12 401 2000
937 12 105 2000
938 12 268 2000
939 12 754 2000
940 12 87 2000
941 12 35 2000
942 12 392 2000
943 12 680 2000
944 12 111 2000
945 12 412 2000
946 12 412 2000
947 12 503 2000
948 12 835 2000
949 12 545 2000
950 12 140 2000
951 12 679 2000
952 12 213 2000
953 12 213 2000
954 726 155 2000
955 726 253 2000
956 726 397 2000
957 726 334 2000
958 726 773 2000
959 726 307 2000
960 726 307 2000
961 726 352 2000
962 726 748 2000
963 726 720 2000
964 726 40 2000
965 726 321 2000
966 726 192 2000
967 726 806 2000
968 726 135 2000
969 726 4643 1333
970 726 286 2000
971 726 398 2000
972 726 398 2000
973 726 98 2000
974 726 706 2000
975 726 363 2000
976 651 786 2000
977 651 209 2000
978 651 239 2000
979 651 317 2000
980 651 317 2000
981 651 259 2000
982 651 258 2000
983 651 228 2000
984 651 170 2000
985 651 371 2000
986 651 324 2000
987 651 153 2000
988 651 206 2000
989 651 160 2000
990 651 92 2000
991 651 222 2000
992 651 74 2000
993 651 279 2000
994 651 313 2000
995 651 374 2000
996 651 780 2000
997 461 30 2000
998 461 248 2000
999 461 442 2000
1000 461 166 2000
1001 461 420 2000
1002 461 567 2000
1003 461 157 2000
1004 461 273 2000
1005 461 46 2000
1006 461 297 2000
1007 461 379 2000
1008 461 158 2000
1009 461 189 2000
1010 461 60 2000
1011 461 296 2000
1012 461 255 2000
1013 461 142 2000
1014 461 61 2000
1015 461 493 2000
1016 461 570 2000
1017 17 339 2000
1018 17 104 2000
1019 17 372 2000
1020 17 130 2000
1021 17 546 2000
1022 17 39 2000
1023 17 39 2000
1024 17 356 2000
1025 17 369 2000
1026 17 172 2000
1027 17 229 2000
1028 17 260 2000
1029 17 53 2000
1030 17 51 2000
1031 17 504 2000
1032 17 400 2000
1033 17 285 2000
1034 17 169 2000
1035 17 390 2000
1036 17 277 2000
1037 17 403 2000
1038 20 190 2000
1039 20 338 2000
1040 20 594 2000
1041 20 132 2000
1042 20 367 2000
1043 20 318 2000
1044 20 294 2000
1045 20 409 2000
1046 20 614 2000
1047 20 347 2000
1048 20 346 2000
1049 20 207 2000
1050 20 319 2000
1051 20 319 2000
1052 20 721 2000
1053 20 100 2000
1054 20 118 2000
1055 20 128 2000
1056 20 224 2000
1057 20 404 2000
1058 20 344 2000
1059 16 4643 1333
1060 16 361 2000
1061 16 361 2000
1062 16 778 2000
1063 16 113 2000
1064 16 110 2000
1065 16 485 2000
1066 16 136 2000
1067 16 301 2000
1068 16 201 2000
1069 16 134 2000
1070 16 134 2000
1071 16 219 2000
1072 16 187 2000
1073 16 289 2000
1074 4642 359 1333
1075 16 29 2000
1076 16 451 2000
1077 16 218 2000
1078 16 375 2000
1079 16 175 2000
1080 16 411 2000
1081 13 33 2000
1082 13 33 2000
1083 13 373 2000
1084 13 293 2000
1085 13 257 2000
1086 13 22 2000
1087 13 391 2000
1088 13 336 2000
1089 4642 168 1333
1090 13 713 2000
1091 13 419 2000
1092 13 141 2000
1093 13 231 2000
1094 13 743 2000
1095 13 62 2000
1096 13 662 2000
1097 13 644 2000
1098 13 644 2000
1099 13 436 2000
1100 13 691 2000
1101 13 295 2000
1102 13 295 2000
1103 13 331 2000
1104 10 396 2000
1105 10 664 2000
1106 10 473 2000
1107 10 470 2000
1108 10 235 2000
1109 10 144 2000
1110 10 272 2000
1111 10 246 2000
1112 10 198 2000
1113 10 844 2000
1114 10 122 2000
1115 10 640 2000
1116 10 106 2000
1117 10 217 2000
1118 10 394 2000
1119 10 204 2000
1120 10 174 2000
1121 10 234 2000
1122 10 276 2000
1123 10 251 2000
1124 15 799 2000
1125 15 202 2000
1126 15 410 2000
1127 15 264 2000
1128 15 85 2000
1129 15 4643 1333
1130 15 741 2000
1131 15 81 2000
1132 15 499 2000
1133 15 245 2000
1134 15 402 2000
1135 15 56 2000
1136 15 354 2000
1137 15 280 2000
1138 15 809 2000
1139 15 649 2000
1140 15 125 2000
1141 15 67 2000
1142 15 179 2000
1143 15 107 2000
1144 8 129 2000
1145 8 414 2000
1146 8 119 2000
1147 8 252 2000
1148 8 620 2000
1149 8 21 2000
1150 8 699 2000
1151 8 178 2000
1152 8 71 2000
1153 8 303 2000
1154 8 415 2000
1155 8 415 2000
1156 8 24 2000
1157 8 145 2000
1158 8 84 2000
1159 8 429 2000
1160 8 26 2000
1161 8 350 2000
1162 8 380 2000
1163 8 117 2000
1164 8 476 2000
1165 747 445 2000
1166 747 212 2000
1167 747 203 2000
1168 747 805 2000
1169 747 225 2000
1170 747 226 2000
1171 747 284 2000
1172 747 377 2000
1173 747 44 2000
1174 747 271 2000
1175 747 271 2000
1176 747 185 2000
1177 747 73 2000
1178 747 184 2000
1179 747 47 2000
1180 747 384 2000
1181 747 384 2000
1182 747 842 2000
1183 747 355 2000
1184 747 299 2000
1185 747 65 2000
1186 747 52 2000
1187 19 362 2000
1188 19 41 2000
1189 19 305 2000
1190 19 72 2000
1191 19 72 2000
1192 19 208 2000
1193 19 387 2000
1194 19 435 2000
1195 19 360 2000
1196 19 444 2000
1197 19 143 2000
1198 19 413 2000
1199 19 532 2000
1200 19 109 2000
1201 19 165 2000
1202 19 302 2000
1203 19 68 2000
1204 19 131 2000
1205 19 517 2000
1206 19 337 2000
1207 19 211 2000
1208 4 292 2000
1209 4 292 2000
1210 4 575 2000
1211 4 38 2000
1212 4 365 2000
1213 4 492 2000
1214 4 194 2000
1215 4 162 2000
1216 4 437 2000
1217 4 199 2000
1218 4 370 2000
1219 4 256 2000
1220 4 126 2000
1221 4 4643 1333
1222 4 262 2000
1223 4 120 2000
1224 4 328 2000
1225 4 454 2000
1226 4 263 2000
1227 4 348 2000
1228 4 243 2000
1229 9 357 2000
1230 9 357 2000
1231 9 349 2000
1232 9 66 2000
1233 9 42 2000
1234 9 841 2000
1235 9 278 2000
1236 9 650 2000
1237 9 650 2000
1238 9 382 2000
1239 9 836 2000
1240 9 663 2000
1241 9 254 2000
1242 9 193 2000
1243 9 124 2000
1244 9 407 2000
1245 9 407 2000
1246 9 159 2000
1247 9 220 2000
1248 9 441 2000
1249 9 36 2000
1250 9 139 2000
1251 9 831 2000
1252 6 223 2000
1253 6 223 2000
1254 6 270 2000
1255 6 312 2000
1256 6 80 2000
1257 6 421 2000
1258 6 306 2000
1259 6 590 2000
1260 6 590 2000
1261 6 115 2000
1262 6 427 2000
1263 6 417 2000
1264 6 417 2000
1265 6 103 2000
1266 6 103 2000
1267 6 604 2000
1268 6 381 2000
1269 6 418 2000
1270 6 275 2000
1271 6 275 2000
1272 6 584 2000
1273 6 79 2000
1274 6 495 2000
1275 6 556 2000
1276 6 45 2000
1277 1042 283 2000
1278 1042 213 2000
1279 1042 175 2000
1280 1042 136 2000
1281 1042 895 2000
1282 1042 1002 2000
1283 1042 386 2000
1284 1042 386 2000
1285 1042 26 2000
1286 1042 203 2000
1287 1042 143 2000
1288 1042 364 2000
1289 1042 257 2000
1290 1042 361 2000
1291 1042 1056 2000
1292 1042 592 2000
1293 1042 556 2000
1294 1042 550 2000
1295 1042 841 2000
1296 1042 1235 2000
1297 1042 356 2000
1298 1136 67 2000
1299 1136 260 2000
1300 1136 182 2000
1301 1136 858 2000
1302 1136 858 2000
1303 1136 410 2000
1304 1136 1083 2000
1305 1136 284 2000
1306 1136 400 2000
1307 1136 141 2000
1308 1136 146 2000
1309 1136 23 2000
1310 1136 713 2000
1311 1136 25 2000
1312 1136 662 2000
1313 1136 40 2000
1314 1136 206 2000
1315 1136 32 2000
1316 1136 691 2000
1317 1136 1274 2000
1318 1136 1053 2000
1319 726 1216 2000
1320 726 101 2000
1321 726 436 2000
1322 726 721 2000
1323 726 259 2000
1324 726 339 2000
1325 726 102 2000
1326 726 4643 1333
1327 726 1043 2000
1328 726 532 2000
1329 726 84 2000
1330 726 306 2000
1331 726 1059 2000
1332 726 1268 2000
1333 726 537 2000
1334 726 223 2000
1335 726 1032 2000
1336 726 1032 2000
1337 726 64 2000
1338 726 359 2000
1339 726 199 2000
1340 918 831 2000
1341 918 346 2000
1342 918 371 2000
1343 918 735 2000
1344 918 392 2000
1345 918 71 2000
1346 918 413 2000
1347 918 699 2000
1348 918 1112 2000
1349 918 152 2000
1350 918 125 2000
1351 918 55 2000
1352 918 55 2000
1353 918 22 2000
1354 918 495 2000
1355 918 405 2000
1356 918 162 2000
1357 918 290 2000
1358 918 317 2000
1359 918 45 2000
1360 918 56 2000
1361 4 416 2000
1362 4 167 2000
1363 4 256 2000
1364 4 404 2000
1365 4 435 2000
1366 4 82 2000
1367 4 801 2000
1368 4 1011 2000
1369 4 1011 2000
1370 4 291 2000
1371 4 314 2000
1372 4 1025 2000
1373 4 379 2000
1374 4 389 2000
1375 4 202 2000
1376 4 250 2000
1377 4 441 2000
1378 4 99 2000
1379 4 132 2000
1380 4 987 2000
1381 4 180 2000
1382 1238 927 2000
1383 1238 179 2000
1384 1238 638 2000
1385 1238 945 2000
1386 1238 968 2000
1387 1238 614 2000
1388 1238 1010 2000
1389 1238 198 2000
1390 1238 178 2000
1391 1238 649 2000
1392 1238 567 2000
1393 1238 421 2000
1394 1238 986 2000
1395 1238 1276 2000
1396 1238 372 2000
1397 1238 999 2000
1398 1238 650 2000
1399 1238 170 2000
1400 1238 214 2000
1401 1238 403 2000
1402 974 68 2000
1403 974 516 2000
1404 974 49 2000
1405 974 517 2000
1406 974 297 2000
1407 974 384 2000
1408 974 384 2000
1409 974 129 2000
1410 974 546 2000
1411 974 492 2000
1412 974 174 2000
1413 974 48 2000
1414 974 48 2000
1415 974 879 2000
1416 974 370 2000
1417 974 1221 2000
1418 974 44 2000
1419 974 415 2000
1420 974 46 2000
1421 974 594 2000
1422 974 353 2000
1423 974 363 2000
1424 20 319 2000
1425 20 376 2000
1426 20 93 2000
1427 20 1080 2000
1428 20 381 2000
1429 20 835 2000
1430 20 1096 2000
1431 20 212 2000
1432 20 377 2000
1433 20 324 2000
1434 20 842 2000
1435 20 842 2000
1436 20 725 2000
1437 20 922 2000
1438 20 396 2000
1439 20 165 2000
1440 20 112 2000
1441 20 867 2000
1442 20 859 2000
1443 20 296 2000
1444 20 35 2000
1445 747 124 2000
1446 747 303 2000
1447 747 994 2000
1448 747 292 2000
1449 747 485 2000
1450 747 62 2000
1451 747 1109 2000
1452 747 1144 2000
1453 747 878 2000
1454 747 53 2000
1455 747 664 2000
1456 747 205 2000
1457 747 285 2000
1458 747 354 2000
1459 747 967 2000
1460 747 210 2000
1461 747 116 2000
1462 747 644 2000
1463 747 262 2000
1464 747 373 2000
1465 461 499 2000
1466 461 126 2000
1467 461 786 2000
1468 461 357 2000
1469 461 445 2000
1470 461 708 2000
1471 461 706 2000
1472 461 69 2000
1473 461 43 2000
1474 461 406 2000
1475 461 343 2000
1476 461 1145 2000
1477 461 420 2000
1478 461 104 2000
1479 461 111 2000
1480 461 1022 2000
1481 461 1022 2000
1482 461 331 2000
1483 461 331 2000
1484 461 873 2000
1485 461 1202 2000
1486 461 36 2000
1487 1117 42 2000
1488 1117 1186 2000
1489 1117 1116 2000
1490 1117 248 2000
1491 1117 154 2000
1492 1117 1236 2000
1493 1117 375 2000
1494 1117 80 2000
1495 1117 1027 2000
1496 1117 1137 2000
1497 1117 341 2000
1498 1117 321 2000
1499 1117 144 2000
1500 1117 221 2000
1501 1117 117 2000
1502 1117 30 2000
1503 1117 30 2000
1504 1117 486 2000
1505 1117 135 2000
1506 1117 476 2000
1507 1117 246 2000
1508 8 1113 2000
1509 8 52 2000
1510 8 950 2000
1511 8 473 2000
1512 8 100 2000
1513 8 1168 2000
1514 8 1130 2000
1515 8 51 2000
1516 8 51 2000
1517 8 184 2000
1518 8 640 2000
1519 8 409 2000
1520 8 493 2000
1521 8 73 2000
1522 8 1201 2000
1523 8 139 2000
1524 8 271 2000
1525 8 958 2000
1526 8 958 2000
1527 8 978 2000
1528 8 118 2000
1529 8 122 2000
1530 783 273 2000
1531 783 226 2000
1532 4642 351 1333
1533 783 351 2000
1534 783 799 2000
1535 783 427 2000
1536 783 204 2000
1537 783 240 2000
1538 783 741 2000
1539 783 217 2000
1540 783 245 2000
1541 4642 419 1333
1542 783 251 2000
1543 783 185 2000
1544 783 89 2000
1545 783 347 2000
1546 783 87 2000
1547 783 982 2000
1548 783 41 2000
1549 4642 305 1333
1550 783 105 2000
1551 609 1270 2000
1552 609 454 2000
1553 609 169 2000
1554 609 293 2000
1555 609 424 2000
1556 609 79 2000
1557 609 871 2000
1558 609 380 2000
1559 609 201 2000
1560 609 545 2000
1561 609 211 2000
1562 609 333 2000
1563 609 70 2000
1564 609 1200 2000
1565 609 1041 2000
1566 609 1029 2000
1567 609 110 2000
1568 609 21 2000
1569 609 192 2000
1570 609 1177 2000
1571 654 183 2000
1572 654 844 2000
1573 654 86 2000
1574 654 267 2000
1575 654 1209 2000
1576 654 103 2000
1577 654 103 2000
1578 654 365 2000
1579 654 281 2000
1580 654 401 2000
1581 654 1026 2000
1582 654 663 2000
1583 654 680 2000
1584 654 1251 2000
1585 654 604 2000
1586 654 374 2000
1587 654 720 2000
1588 654 209 2000
1589 654 1139 2000
1590 654 263 2000
1591 654 193 2000
1592 651 157 2000
1593 651 344 2000
1594 651 344 2000
1595 651 138 2000
1596 651 159 2000
1597 651 128 2000
1598 651 1125 2000
1599 651 249 2000
1600 4642 444 1333
1601 651 679 2000
1602 651 470 2000
1603 651 342 2000
1604 651 748 2000
1605 651 504 2000
1606 651 504 2000
1607 651 234 2000
1608 651 1173 2000
1609 651 61 2000
1610 651 286 2000
1611 651 98 2000
1612 651 1159 2000
1613 651 985 2000
1614 4642 29 1333
1615 1018 946 2000
1616 1018 355 2000
1617 1018 131 2000
1618 1018 1261 2000
1619 1018 402 2000
1620 1018 754 2000
1621 1018 59 2000
1622 1018 780 2000
1623 1018 1033 2000
1624 1018 215 2000
1625 1018 394 2000
1626 1018 123 2000
1627 1018 123 2000
1628 1018 276 2000
1629 1018 417 2000
1630 1018 570 2000
1631 1018 268 2000
1632 1018 208 2000
1633 1018 155 2000
1634 1018 575 2000
1635 874 411 2000
1636 874 166 2000
1637 874 620 2000
1638 874 65 2000
1639 874 442 2000
1640 874 864 2000
1641 874 1100 2000
1642 874 194 2000
1643 874 1047 2000
1644 874 345 2000
1645 874 883 2000
1646 874 336 2000
1647 874 236 2000
1648 874 1009 2000
1649 874 241 2000
1650 874 437 2000
1651 874 418 2000
1652 874 778 2000
1653 874 145 2000
1654 874 160 2000
1655 734 302 2000
1656 734 352 2000
1657 734 156 2000
1658 734 272 2000
1659 734 66 2000
1660 734 503 2000
1661 4642 1161 1333
1662 734 115 2000
1663 734 743 2000
1664 734 1005 2000
1665 734 295 2000
1666 734 299 2000
1667 734 92 2000
1668 734 809 2000
1669 734 773 2000
1670 734 109 2000
1671 734 584 2000
1672 734 930 2000
1673 734 930 2000
1674 734 328 2000
1675 734 218 2000
1676 16 277 2000
1677 16 1244 2000
1678 16 805 2000
1679 16 451 2000
1680 16 225 2000
1681 16 181 2000
1682 16 590 2000
1683 16 113 2000
1684 16 390 2000
1685 16 294 2000
1686 16 836 2000
1687 16 349 2000
1688 16 349 2000
1689 16 1197 2000
1690 16 172 2000
1691 16 429 2000
1692 16 806 2000
1693 16 75 2000
1694 16 387 2000
1695 16 362 2000
1696 16 142 2000
1697 1238 967 2000
1698 1238 1466 2000
1699 1238 1552 2000
1700 1238 1244 2000
1701 1238 805 2000
1702 1238 59 2000
1703 1238 584 2000
1704 1238 978 2000
1705 1238 241 2000
1706 1238 167 2000
1707 1238 1236 2000
1708 1238 1358 2000
1709 1238 324 2000
1710 1238 131 2000
1711 1238 1161 2000
1712 1238 390 2000
1713 1238 390 2000
1714 1238 445 2000
1715 1238 537 2000
1716 1238 620 2000
1717 1238 61 2000
1718 1521 1186 2000
1719 1521 285 2000
1720 1521 363 2000
1721 1521 138 2000
1722 1521 1618 2000
1723 1521 1109 2000
1724 1521 166 2000
1725 1521 1027 2000
1726 1521 291 2000
1727 1521 735 2000
1728 1521 248 2000
1729 1521 982 2000
1730 1521 48 2000
1731 1521 680 2000
1732 1521 1033 2000
1733 1521 950 2000
1734 1521 470 2000
1735 1521 1305 2000
1736 4642 1332 1333
1737 1521 1029 2000
1738 1326 123 2000
1739 1326 748 2000
1740 1326 570 2000
1741 1326 968 2000
1742 1326 1489 2133
1743 1326 341 2000
1744 1326 1235 2000
1745 1326 1597 2000
1746 1326 44 2000
1747 1326 835 2000
1748 1326 743 2000
1749 1326 743 2000
1750 1326 873 2000
1751 1326 1197 2000
1752 1326 495 2000
1753 1326 1221 2000
1754 1326 799 2000
1755 1326 98 2000
1756 1326 421 2000
1757 1326 1022 2000
1758 1326 126 2000
1759 1625 644 2000
1760 1625 987 2000
1761 1625 1464 2000
1762 1625 1493 2000
1763 1625 40 2000
1764 1625 663 2000
1765 1625 211 2000
1766 1625 879 2000
1767 1625 725 2000
1768 1625 1458 2000
1769 1625 103 2000
1770 1625 650 2000
1771 1625 985 2000
1772 1625 205 2000
1773 1625 118 2000
1774 1625 1297 2000
1775 1625 946 2000
1776 1625 575 2000
1777 1625 1595 2000
1778 1625 359 2000
1779 783 93 2000
1780 783 364 2000
1781 783 405 2000
1782 783 1159 2000
1783 783 1116 2000
1784 783 556 2000
1785 783 30 2000
1786 783 30 2000
1787 783 417 2000
1788 783 293 2000
1789 783 1333 2000
1790 783 1457 2000
1791 783 302 2000
1792 783 878 2000
1793 783 111 2000
1794 783 1670 2000
1795 783 841 2000
1796 783 1428 2000
1797 783 1173 2000
1798 783 157 2000
1799 783 379 2000
1800 609 1144 2000
1801 609 128 2000
1802 609 1005 2000
1803 609 485 2000
1804 609 773 2000
1805 609 92 2000
1806 609 375 2000
1807 609 345 2000
1808 609 604 2000
1809 609 809 2000
1810 609 181 2000
1811 609 70 2000
1812 609 842 2000
1813 609 1047 2000
1814 609 406 2000
1815 609 187 2000
1816 609 105 2000
1817 609 1600 2000
1818 609 75 2000
1819 609 945 2000
1820 874 741 2000
1821 874 139 2000
1822 874 283 2000
1823 874 1137 2000
1824 874 1100 2000
1825 874 1364 2000
1826 874 1671 2000
1827 874 499 2000
1828 874 1177 2000
1829 874 1177 2000
1830 874 172 2000
1831 874 454 2000
1832 874 1202 2000
1833 874 115 2000
1834 874 504 2000
1835 874 225 2000
1836 874 292 2000
1837 874 373 2000
1838 874 713 2000
1839 874 45 2000
1840 874 444 2000
1841 1018 836 2000
1842 1018 276 2000
1843 1018 1056 2000
1844 1018 1648 2000
1845 1018 664 2000
1846 1018 104 2000
1847 1018 1025 2000
1848 1018 858 2000
1849 1018 4643 1333
1850 1018 4643 1333
1851 1018 1638 2000
1852 1018 442 2000
1853 1018 354 2000
1854 1018 317 2000
1855 1018 4643 1333
1856 1018 1405 2000
1857 1018 801 2000
1858 1018 1605 2000
1859 1018 1274 2000
1860 1018 1289 2000
1861 1117 182 2000
1862 1117 721 2000
1863 1117 4643 1333
1864 1117 415 2000
1865 1117 1498 2000
1866 1117 486 2000
1867 1117 1666 2000
1868 1117 79 2000
1869 1117 927 2000
1870 1117 1145 2000
1871 1117 1551 2000
1872 1117 1080 2000
1873 1117 199 2000
1874 1117 203 2000
1875 1117 409 2000
1876 1117 1113 2000
1877 1117 25 2000
1878 1117 82 2000
1879 1117 112 2000
1880 1117 23 2000
1881 918 424 2000
1882 918 503 2000
1883 918 100 2000
1884 918 418 2000
1885 918 1168 2000
1886 918 396 2000
1887 918 786 2000
1888 918 930 2000
1889 918 435 2000
1890 918 1059 2000
1891 918 1059 2000
1892 918 361 2000
1893 918 361 2000
1894 918 1276 2000
1895 918 1200 2000
1896 918 52 2000
1897 918 67 2000
1898 918 638 2000
1899 918 1032 2000
1900 918 1251 2000
1901 918 1125 2000
1902 918 246 2000
1903 1644 1474 2000
1904 1644 1681 2000
1905 1644 691 2000
1906 1644 1201 2000
1907 1644 178 2000
1908 1644 69 2000
1909 1644 720 2000
1910 1644 217 2000
1911 1644 352 2000
1912 1644 154 2000
1913 1644 1640 2000
1914 1644 331 2000
1915 1644 160 2000
1916 4642 699 1333
1917 1644 73 2000
1918 1644 986 2000
1919 1644 1528 2000
1920 1644 1511 2000
1921 1644 55 2000
1922 1644 209 2000
1923 1365 1572 2000
1924 1365 895 2000
1925 1365 492 2000
1926 1365 240 2000
1927 1365 844 2000
1928 1365 1563 2000
1929 1365 226 2000
1930 1365 26 2000
1931 1365 754 2000
1932 1365 754 2000
1933 1365 649 2000
1934 1365 1662 2000
1935 1365 389 2000
1936 1365 29 2000
1937 1365 152 2000
1938 1365 780 2000
1939 1365 493 2000
1940 1365 1452 2000
1941 1365 473 2000
1942 1365 1657 2000
1943 1365 1657 2000
1944 1365 183 2000
1945 1606 1478 2000
1946 1606 116 2000
1947 1606 1216 2000
1948 1606 262 2000
1949 1606 1590 2000
1950 1606 441 2000
1951 1606 49 2000
1952 1606 374 2000
1953 1606 994 2000
1954 1606 273 2000
1955 1606 290 2000
1956 1606 343 2000
1957 1606 236 2000
1958 1606 871 2000
1959 1606 86 2000
1960 1606 386 2000
1961 1606 257 2000
1962 1606 1294 2000
1963 1606 1483 2000
1964 1606 1592 2000
1965 1427 141 2000
1966 1427 353 2000
1967 1427 286 2000
1968 1427 614 2000
1969 1427 4643 1333
1970 1427 281 2000
1971 1427 1324 2000
1972 1427 351 2000
1973 1427 272 2000
1974 1427 145 2000
1975 1427 403 2000
1976 1427 403 2000
1977 1427 437 2000
1978 1427 404 2000
1979 1427 1321 2000
1980 1427 1321 2000
1981 1427 859 2000
1982 1427 436 2000
1983 1427 1112 2000
1984 1427 1539 2000
1985 1427 662 2000
1986 1427 1422 2000
1987 974 110 2000
1988 974 1630 2000
1989 974 958 2000
1990 974 365 2000
1991 974 21 2000
1992 974 419 2000
1993 974 545 2000
1994 974 1268 2000
1995 974 1550 2000
1996 974 1584 2000
1997 974 1041 2000
1998 974 592 2000
1999 974 1400 2000
2000 974 778 2000
2001 974 180 2000
2002 974 215 2000
2003 974 142 2000
2004 974 1455 2000
2005 974 411 2000
2006 974 550 2000
2007 1042 517 2000
2008 1042 377 2000
2009 1042 377 2000
2010 1042 101 2000
2011 1042 299 2000
2012 1042 679 2000
2013 1042 35 2000
2014 1042 267 2000
2015 1042 516 2000
2016 1042 1338 2000
2017 1042 867 2000
2018 1042 1470 2000
2019 1042 1139 2000
2020 1042 532 2000
2021 1042 1053 2000
2022 1042 221 2000
2023 1042 1553 2000
2024 1042 706 2000
2025 1042 1413 2000
2026 1042 922 2000
2027 1042 1676 2000
2028 734 883 2000
2029 734 1518 2000
2030 734 427 2000
2031 734 546 2000
2032 734 1503 2000
2033 734 640 2000
2034 734 303 2000
2035 734 1336 2000
2036 734 1479 2000
2037 734 349 2000
2038 734 251 2000
2039 734 1270 2000
2040 734 708 2000
2041 734 1636 2000
2042 734 831 2000
2043 734 1391 2000
2044 734 1002 2000
2045 734 117 2000
2046 734 594 2000
2047 734 1459 2000
2048 1136 381 2000
2049 1136 169 2000
2050 1136 1043 2000
2051 1136 1009 2000
2052 1136 1010 2000
2053 1136 1363 2000
2054 1136 806 2000
2055 1136 122 2000
2056 1136 999 2000
2057 1136 999 2000
2058 1136 429 2000
2059 1136 1337 2000
2060 1136 1026 2000
2061 1136 89 2000
2062 1136 305 2000
2063 1136 66 2000
2064 1136 1130 2000
2065 1136 1530 2000
2066 1136 210 2000
2067 1136 296 2000
2068 1136 56 2000
2069 747 284 2000
2070 747 372 2000
2071 747 1301 2000
2072 747 113 2000
2073 747 1690 2000
2074 747 193 2000
2075 747 202 2000
2076 747 202 2000
2077 747 864 2000
2078 747 1547 2000
2079 747 80 2000
2080 747 80 2000
2081 747 1096 2000
2082 747 1507 2000
2083 747 64 2000
2084 747 102 2000
2085 747 1083 2000
2086 747 451 2000
2087 747 297 2000
2088 747 590 2000
2089 4642 179 1333
2090 747 1380 2000
2091 747 1380 2000
2092 1436 1495 2000
2093 1436 306 2000
2094 1436 1261 2000
2095 1436 1481 2000
2096 1436 165 2000
2097 1436 1379 2000
2098 1436 314 2000
2099 1436 1376 2000
2100 1436 392 2000
2101 1436 371 2000
2102 1436 194 2000
2103 1436 234 2000
2104 1436 344 2000
2105 1436 567 2000
2106 1436 476 2000
2107 1436 380 2000
2108 1436 380 2000
2109 1436 1011 2000
2110 1436 1209 2000
2111 1436 1408 2000
2112 1436 162 2000
2113 1698 1572 2000
2114 1698 299 2000
2115 1698 1964 2133
2116 1698 100 2000
2117 1698 1301 2000
2118 1698 424 2000
2119 1698 721 2000
2120 1698 476 2000
2121 1698 1268 2000
2122 1698 1168 2000
2123 1698 550 2000
2124 1698 994 2000
2125 1698 141 2000
2126 1698 743 2000
2127 1698 1861 2000
2128 1698 1972 2000
2129 1698 380 2000
2130 1698 1116 2000
2131 1698 1530 2000
2132 1698 879 2000
2133 1606 1754 2000
2134 1606 503 2000
2135 1606 1459 2000
2136 1606 442 2000
2137 1606 999 2000
2138 1606 999 2000
2139 1606 112 2000
2140 1606 1324 2000
2141 1606 209 2000
2142 1606 699 2000
2143 1606 1757 2000
2144 1606 4643 1333
2145 1606 30 2000
2146 1606 1173 2000
2147 1606 1053 2000
2148 1606 516 2000
2149 1606 1681 2000
2150 1606 251 2000
2151 1606 2077 2000
2152 1606 284 2000
2153 1606 1391 2000
2154 1709 594 2000
2155 1709 349 2000
2156 1709 967 2000
2157 1709 504 2000
2158 1709 2006 2000
2159 1709 987 2000
2160 1709 1413 2000
2161 1709 1413 2000
2162 1709 1113 2000
2163 1709 679 2000
2164 1709 1503 2000
2165 1709 1528 2000
2166 1709 570 2000
2167 1709 437 2000
2168 1709 435 2000
2169 1709 2052 2000
2170 1709 45 2000
2171 1709 1041 2000
2172 1709 841 2000
2173 1709 1648 2000
2174 1709 1584 2000
2175 2022 365 2000
2176 2022 381 2000
2177 2022 1975 2000
2178 2022 285 2000
2179 2022 386 2000
2180 2022 386 2000
2181 2022 532 2000
2182 2022 69 2000
2183 2022 1197 2000
2184 2022 1784 2000
2185 2022 1297 2000
2186 2022 267 2000
2187 2022 306 2000
2188 2022 1251 2000
2189 2022 986 2000
2190 2022 986 2000
2191 2022 1588 2000
2192 2022 49 2000
2193 2022 1209 2000
2194 2022 706 2000
2195 2022 706 2000
2196 2022 1032 2000
2197 2022 1032 2000
2198 2022 421 2000
2199 1326 1935 2000
2200 1326 1201 2000
2201 1326 406 2000
2202 1326 1422 2000
2203 1326 1481 2000
2204 1326 1332 2000
2205 1326 859 2000
2206 1326 809 2000
2207 1326 1495 2000
2208 1326 40 2000
2209 1326 1752 2000
2210 1326 485 2000
2211 1326 1202 2000
2212 1326 314 2000
2213 1326 1676 2000
2214 1326 451 2000
2215 1326 1305 2000
2216 1326 427 2000
2217 1326 111 2000
2218 1326 950 2000
2219 1117 1707 2133
2220 1117 1775 2000
2221 1117 1595 2000
2222 1117 103 2000
2223 1117 1845 2000
2224 1117 4643 1333
2225 1117 1096 2000
2226 1117 2112 2000
2227 1117 493 2000
2228 1117 836 2000
2229 1117 836 2000
2230 1117 1428 2000
2231 1117 404 2000
2232 1117 143 2000
2233 1117 143 2000
2234 1117 567 2000
2235 1117 1764 2000
2236 1117 492 2000
2237 1117 492 2000
2238 1117 1186 2000
2239 1117 1547 2000
2240 1117 1338 2000
2241 1117 1701 2000
2242 1625 372 2000
2243 1625 1483 2000
2244 1625 226 2000
2245 1625 183 2000
2246 1625 1005 2000
2247 1625 1729 2000
2248 1625 1788 2000
2249 1625 620 2000
2250 1625 720 2000
2251 1625 1605 2000
2252 1625 2036 2000
2253 1625 1405 2000
2254 1625 748 2000
2255 1625 1645 2133
2256 1625 1840 2000
2257 1625 392 2000
2258 1625 1457 2000
2259 1625 1498 2000
2260 1625 1804 2000
2261 1625 663 2000
2262 1365 181 2000
2263 4642 181 1333
2264 1365 1145 2000
2265 1365 831 2000
2266 1365 1010 2000
2267 1365 286 2000
2268 1365 257 2000
2269 1365 257 2000
2270 1365 70 2000
2271 1365 1294 2000
2272 1365 1333 2000
2273 1365 1458 2000
2274 1365 1364 2000
2275 1365 1984 2031
2276 1365 1550 2000
2277 1365 1712 2000
2278 1365 236 2000
2279 1365 2111 2015
2280 1365 262 2000
2281 1365 1630 2000
2282 1365 2008 2000
2283 1365 344 2000
2284 1427 4643 1333
2285 1427 982 2000
2286 1427 713 2000
2287 1427 708 2000
2288 1427 1864 2000
2289 1427 1958 2000
2290 1427 1958 2000
2291 1427 138 2000
2292 1427 662 2000
2293 1427 725 2000
2294 1427 895 2000
2295 1427 650 2000
2296 1427 281 2000
2297 1427 1047 2000
2298 1427 1592 2000
2299 1427 123 2000
2300 1427 575 2000
2301 1427 1666 2000
2302 1427 1221 2000
2303 1427 1969 2000
2304 1427 1130 2000
2305 1644 930 2000
2306 1644 930 2000
2307 1644 61 2000
2308 1644 1835 2000
2309 1644 1843 2000
2310 1644 1924 2000
2311 1644 1924 2000
2312 1644 1916 2000
2313 1644 1100 2000
2314 1644 187 2000
2315 1644 187 2000
2316 1644 592 2000
2317 1644 545 2000
2318 1644 545 2000
2319 1644 1563 2000
2320 1644 640 2000
2321 1644 1026 2000
2322 1644 1125 2000
2323 1644 1363 2000
2324 1644 1813 2000
2325 1644 978 2000
2326 1644 1657 2000
2327 4642 1029 1333
2328 1644 1600 2000
2329 4642 1662 1333
2330 1837 546 2000
2331 1837 1965 2000
2332 1837 1708 2031
2333 1837 1618 2000
2334 1837 773 2000
2335 1837 1144 2000
2336 1837 246 2000
2337 1837 1489 2133
2338 1837 454 2000
2339 1837 248 2000
2340 1837 735 2000
2341 1837 331 2000
2342 1837 1408 2000
2343 1837 1408 2000
2344 1837 2047 2031
2345 1837 1022 2000
2346 1837 194 2000
2347 1837 1109 2000
2348 1837 1025 2000
2349 1837 1727 2000
2350 1521 1080 2000
2351 1521 495 2000
2352 1521 1009 2000
2353 1521 2091 2000
2354 1521 1895 2000
2355 1521 1539 2000
2356 1521 842 2000
2357 1521 1466 2000
2358 1521 985 2000
2359 1521 1137 2000
2360 1521 1161 2000
2361 1521 1161 2000
2362 1521 1753 2000
2363 1521 517 2000
2364 1521 864 2000
2365 1521 780 2000
2366 1521 217 2000
2367 1521 1638 2000
2368 1521 1551 2000
2369 1521 199 2000
2370 1521 215 2000
2371 1937 1963 2000
2372 1937 1002 2000
2373 1937 64 2000
2374 1937 1493 2000
2375 1937 1470 2000
2376 1937 945 2000
2377 1937 352 2000
2378 1937 21 2000
2379 1937 1597 2000
2380 1937 1511 2000
2381 1937 1671 2000
2382 1937 1780 2000
2383 1937 1871 2000
2384 1937 1474 2000
2385 1937 1321 2000
2386 1937 2011 2000
2387 1937 1380 2000
2388 1937 1636 2000
2389 4642 444 1333
2390 1937 2003 2000
2391 1042 754 2000
2392 1042 1479 2000
2393 1042 1925 2000
2394 1042 35 2000
2395 1042 1833 2000
2396 1042 1033 2000
2397 1042 873 2000
2398 1042 556 2000
2399 1042 1939 2000
2400 1042 283 2000
2401 1042 1690 2000
2402 1042 801 2000
2403 1042 1739 2000
2404 1042 1739 2000
2405 1042 1507 2000
2406 1042 883 2000
2407 1042 883 2000
2408 1042 1464 2000
2409 1042 1791 2000
2410 1042 210 2000
2411 1042 1379 2000
2412 1042 1553 2000
2413 1436 638 2000
2414 1436 1112 2000
2415 1436 2092 2000
2416 1436 1244 2000
2417 1436 1968 2000
2418 1436 1801 2000
2419 1436 1763 2000
2420 1436 486 2000
2421 1436 1400 2000
2422 1436 172 2000
2423 1436 1455 2000
2424 1436 1358 2000
2425 1436 1177 2000
2426 1436 131 2000
2427 1436 1027 2000
2428 1436 234 2000
2429 1436 345 2000
2430 1436 946 2000
2431 1436 1979 2000
2432 1436 2042 2000
2433 974 2108 2000
2434 974 1056 2000
2435 974 55 2000
2436 974 436 2000
2437 974 1159 2000
2438 974 445 2000
2439 974 1777 2000
2440 974 1235 2000
2441 974 806 2000
2442 974 390 2000
2443 974 1982 2000
2444 974 4643 1333
2445 974 1011 2000
2446 974 1672 2000
2447 974 1274 2000
2448 974 1274 2000
2449 974 1744 2000
2450 974 1640 2000
2451 974 604 2000
2452 974 104 2000
2453 974 354 2000
2454 1136 805 2000
2455 1136 786 2000
2456 1136 871 2000
2457 1136 871 2000
2458 1136 537 2000
2459 1136 1670 2000
2460 1136 691 2000
2461 1136 441 2000
2462 1136 441 2000
2463 1136 375 2000
2464 1136 1920 2000
2465 1136 499 2000
2466 1136 1216 2000
2467 1136 590 2000
2468 1136 169 2000
2469 1136 778 2000
2470 1136 1139 2000
2471 1136 1715 2000
2472 1136 75 2000
2473 1136 1552 2000
2474 1136 1270 2000
2475 1136 152 2000
2476 1970 680 2000
2477 1970 115 2000
2478 1970 473 2000
2479 1970 927 2000
2480 1970 664 2000
2481 1970 29 2000
2482 1970 2013 2000
2483 1970 110 2000
2484 1970 1478 2000
2485 1970 157 2000
2486 1970 649 2000
2487 1970 1452 2000
2488 1970 1919 2000
2489 1970 2048 2000
2490 1970 867 2000
2491 1970 1043 2000
2492 1970 968 2000
2493 1970 1289 2000
2494 1970 1855 2000
2495 1970 1083 2000
2496 1790 799 2000
2497 1790 858 2000
2498 1790 1842 2000
2499 1790 1336 2000
2500 1790 1890 2000
2501 1790 1200 2000
2502 1790 1778 2000
2503 1790 741 2000
2504 1790 470 2000
2505 1790 470 2000
2506 1790 958 2000
2507 1790 1276 2000
2508 1790 878 2000
2509 1790 922 2000
2510 1790 396 2000
2511 1790 844 2000
2512 1790 835 2000
2513 1790 1773 2000
2514 1790 1936 2000
2515 1790 1877 2000
2516 1790 1832 2000
2517 1953 429 2133
2518 1953 1236 2133
2519 1953 1236 2133
2520 1953 2028 2461
2521 1953 211 2133
2522 1953 1518 2133
2523 1953 364 2133
2524 1953 167 2133
2525 1953 644 2133
2526 1953 2080 2133
2527 1953 1767 2133
2528 1953 2045 2133
2529 1953 1337 2133
2530 1953 1059 2133
2531 1953 1706 2133
2532 1953 353 2133
2533 1953 1376 2133
2534 1953 302 2133
2535 1953 614 2133
2536 1953 59 2133
2537 1953 1261 2133
2538 1698 1551 2000
2539 1698 1261 2000
2540 1698 831 2000
2541 1698 1047 2000
2542 1698 2497 2000
2543 1698 2246 2000
2544 1698 504 2000
2545 1698 2530 2000
2546 1698 1552 2000
2547 1698 725 2000
2548 1698 1002 2000
2549 1698 503 2000
2550 1698 1842 2000
2551 1698 1518 2000
2552 1698 1109 2000
2553 1698 721 2000
2554 1698 1701 2000
2555 1698 927 2000
2556 1698 2157 2000
2557 1698 2417 2064
2558 2317 1727 2000
2559 2317 2260 2000
2560 2317 1597 2000
2561 2317 1301 2000
2562 2317 1498 2000
2563 2317 1919 2000
2564 2317 1706 2000
2565 2317 2323 2000
2566 2317 1408 2000
2567 2317 1982 2000
2568 2317 1458 2000
2569 2317 1495 2000
2570 2317 1270 2000
2571 2317 421 2000
2572 2317 946 2000
2573 2317 570 2000
2574 2317 1939 2000
2575 2317 748 2000
2576 2317 1553 2000
2577 2317 1539 2000
2578 1709 664 2000
2579 1709 1640 2000
2580 1709 451 2000
2581 1709 2421 2000
2582 1709 1590 2000
2583 1709 1788 2000
2584 1709 1788 2000
2585 4642 2262 1333
2586 1709 1963 2000
2587 1709 1963 2000
2588 1709 1645 2133
2589 1709 1605 2000
2590 1709 1662 2000
2591 1709 1159 2000
2592 1709 945 2000
2593 1709 2412 2000
2594 1709 1744 2000
2595 1709 2528 2000
2596 1709 2528 2000
2597 1709 958 2000
2598 1709 1712 2000
2599 1709 441 2000
2600 1709 1670 2000
2601 1625 778 2000
2602 1625 1924 2000
2603 1625 444 2000
2604 1625 517 2000
2605 1625 1936 2000
2606 1625 2426 2000
2607 1625 2162 2000
2608 1625 841 2000
2609 1625 1729 2000
2610 1625 1405 2000
2611 1625 1775 2000
2612 1625 1363 2000
2613 1625 835 2000
2614 1625 799 2000
2615 1625 4643 1333
2616 1625 640 2000
2617 1625 1708 2031
2618 1625 708 2000
2619 1625 1984 2031
2620 1625 663 2000
2621 2264 2523 2000
2622 2264 1413 2000
2623 2264 436 2000
2624 2264 1459 2000
2625 2264 2343 2007
2626 2264 859 2000
2627 2264 2036 2000
2628 2264 1763 2000
2629 2264 4643 1333
2630 2264 1400 2000
2631 2264 680 2000
2632 2264 2487 2031
2633 2264 1777 2000
2634 2264 806 2000
2635 2264 1657 2000
2636 2264 590 2000
2637 2264 1965 2000
2638 2264 1965 2000
2639 2264 2120 2031
2640 2264 2006 2000
2641 2264 1422 2000
2642 2297 442 2133
2643 2297 1294 2133
2644 2297 2490 2133
2645 2297 2092 2133
2646 2297 2150 2133
2647 2297 1474 2133
2648 2297 1483 2133
2649 2297 987 2133
2650 2297 604 2133
2651 2297 2265 2133
2652 2297 2378 2133
2653 2297 4643 1391
2654 2297 1925 2133
2655 2297 805 2133
2656 2297 1791 2133
2657 2297 1489 2285
2658 2297 2132 2133
2659 2297 922 2133
2660 2297 1305 2133
2661 2297 1778 2133
2662 1970 1503 2000
2663 1970 1843 2000
2664 1970 706 2000
2665 1970 930 2000
2666 1970 1530 2000
2667 1970 2013 2000
2668 1970 537 2000
2669 1970 1975 2000
2670 1970 1274 2000
2671 1970 1672 2000
2672 1970 470 2000
2673 1970 691 2000
2674 1970 1584 2000
2675 1970 2348 2000
2676 1970 1833 2000
2677 1970 2284 2000
2678 1970 2215 2000
2679 1970 720 2000
2680 1970 1739 2000
2681 1970 1895 2000
2682 2335 2255 2000
2683 2335 2442 2000
2684 2335 2442 2000
2685 2335 1161 2000
2686 2335 1033 2000
2687 2335 2123 2000
2688 2335 1835 2000
2689 2335 2225 2000
2690 2335 1479 2000
2691 2335 2194 2000
2692 2335 2372 2000
2693 2335 1666 2000
2694 2335 867 2000
2695 2335 638 2000
2696 2335 638 2000
2697 2335 4643 1333
2698 2335 1638 2000
2699 2335 1216 2000
2700 2335 1773 2000
2701 2335 1832 2000
2702 2335 1364 2000
2703 2335 1845 2000
2704 1937 1336 2000
2705 1937 858 2000
2706 1937 1056 2000
2707 1937 1958 2000
2708 1937 1600 2000
2709 1937 2112 2000
2710 1937 2052 2000
2711 1937 1780 2000
2712 1937 801 2000
2713 1937 1321 2000
2714 1937 1333 2000
2715 1937 1251 2000
2716 1937 1083 2000
2717 1937 550 2000
2718 1937 2506 2000
2719 1937 2293 2000
2720 1937 650 2000
2721 1937 546 2000
2722 1937 1470 2000
2723 1937 424 2000
2724 1837 1112 2000
2725 1837 1452 2000
2726 1837 2381 2000
2727 1837 2381 2000
2728 1837 2519 2031
2729 1837 2131 2000
2730 1837 842 2000
2731 1837 735 2000
2732 1837 2368 2000
2733 1837 2368 2000
2734 1837 2077 2000
2735 1837 2008 2000
2736 1837 2008 2000
2737 1837 871 2000
2738 1837 486 2000
2739 1837 2354 2000
2740 4642 878 1333
2741 1837 492 2000
2742 1837 1547 2000
2743 1837 2410 2000
2744 1837 2298 2000
2745 1837 1707 2133
2746 1837 879 2000
2747 2329 516 2064
2748 2329 1010 2064
2749 2329 786 2064
2750 2329 1840 2064
2751 2329 1840 2064
2752 2329 2537 2064
2753 2329 1137 2064
2754 2329 1177 2064
2755 2329 1324 2064
2756 2329 1139 2064
2757 2329 2091 2064
2758 2329 2121 2098
2759 2329 2121 2098
2760 2329 2045 2064
2761 2329 1636 2064
2762 2329 1648 2064
2763 2329 2359 2064
2764 2329 1916 2064
2765 2329 1507 2064
2766 2329 1764 2064
2767 2329 2178 2064
2768 2329 2212 2064
2769 1790 1528 2000
2770 1790 1268 2000
2771 1790 2478 2000
2772 1790 1145 2000
2773 1790 2111 2015
2774 1790 1757 2000
2775 1790 2080 2000
2776 1790 2080 2000
2777 1790 620 2000
2778 1790 1630 2000
2779 1790 644 2000
2780 1790 1041 2000
2781 1790 2446 2031
2782 1790 473 2000
2783 1790 1890 2000
2784 1790 2462 2000
2785 1790 2406 2000
2786 1790 2296 2000
2787 1790 1144 2000
2788 1790 2169 2000
2789 1790 1337 2000
2790 2307 1297 2000
2791 2307 1481 2000
2792 2307 1032 2000
2793 2307 1221 2000
2794 2307 493 2000
2795 2307 1455 2000
2796 2307 662 2000
2797 2307 1671 2000
2798 2307 2292 2000
2799 2307 1935 2000
2800 2307 499 2000
2801 2307 741 2000
2802 2307 1855 2000
2803 2307 1096 2000
2804 2307 1027 2000
2805 2307 2222 2000
2806 2307 1466 2000
2807 2307 982 2000
2808 2307 2407 2000
2809 2307 1029 2000
2810 1436 1011 2000
2811 1436 743 2000
2812 1436 1201 2000
2813 1436 1864 2000
2814 1436 2250 2000
2815 1436 1592 2000
2816 1436 1690 2000
2817 1436 1964 2133
2818 1436 1752 2000
2819 1436 895 2000
2820 1436 1059 2000
2821 1436 1379 2000
2822 1436 873 2000
2823 1436 1186 2000
2824 1436 713 2000
2825 1436 950 2000
2826 1436 1920 2000
2827 1436 2334 2000
2828 1436 1428 2000
2829 1436 2314 2000
2830 2022 2281 2000
2831 2022 1563 2000
2832 2022 1563 2000
2833 2022 2433 2015
2834 2022 2237 2000
2835 2022 1005 2000
2836 4642 1676 1333
2837 2022 2003 2000
2838 2022 967 2000
2839 2022 556 2000
2840 2022 1113 2000
2841 2022 1877 2000
2842 2022 1681 2000
2843 2022 2517 2000
2844 2022 2180 2000
2845 2022 699 2000
2846 2022 986 2000
2847 2022 1197 2000
2848 2022 2400 2000
2849 2022 1478 2000
2850 2022 1236 2000
2851 1644 844 2000
2852 4642 844 1333
2853 1644 545 2000
2854 1644 454 2000
2855 1644 1464 2000
2856 1644 2524 2000
2857 1644 1025 2000
2858 1644 836 2000
2859 1644 1861 2000
2860 1644 1861 2000
2861 1644 584 2000
2862 1644 2464 2000
2863 1644 1715 2000
2864 1644 1043 2000
2865 1644 864 2000
2866 1644 1376 2000
2867 1644 1100 2000
2868 1644 1572 2000
2869 1644 1550 2000
2870 1644 2011 2000
2871 1644 999 2000
2872 1644 495 2000
2873 2135 592 2000
2874 2135 1209 2000
2875 2135 1358 2000
2876 2135 994 2000
2877 2135 2145 2000
2878 2135 2145 2000
2879 2135 1871 2000
2880 2135 2486 2000
2881 2135 485 2000
2882 2135 2256 2000
2883 2135 883 2000
2884 2135 2360 2133
2885 2135 2248 2000
2886 2135 614 2000
2887 2135 476 2000
2888 2135 2448 2000
2889 2135 978 2000
2890 2135 1380 2000
2891 2135 679 2000
2892 2135 2128 2000
2893 2135 2349 2015
2894 1953 1053 2133
2895 1953 1754 2133
2896 1953 649 2133
2897 1953 594 2133
2898 1953 429 2133
2899 1953 1972 2133
2900 1953 1595 2133
2901 1953 2028 2461
2902 1953 1753 2133
2903 1953 1332 2133
2904 1953 2047 2169
2905 1953 2130 2133
2906 1953 1804 2133
2907 1953 1168 2133
2908 1953 1289 2133
2909 1953 1289 2133
2910 1953 437 2133
2911 1953 427 2133
2912 1953 1588 2133
2913 1953 1022 2133
2914 1953 1244 2133
2915 1427 1200 2000
2916 1427 1080 2000
2917 1427 985 2000
2918 1427 2397 2000
2919 1427 1457 2000
2920 1427 445 2000
2921 1427 532 2000
2922 1427 435 2000
2923 1427 1235 2000
2924 1427 1968 2000
2925 1427 1968 2000
2926 1427 2042 2000
2927 1427 754 2000
2928 1427 2108 2000
2929 1427 2429 2000
2930 1427 1969 2000
2931 1427 4643 1333
2932 1427 1801 2000
2933 1427 1618 2000
2934 1427 1511 2000
2935 1427 1125 2000
2936 2290 1026 2000
2937 2290 1202 2000
2938 2290 1813 2000
2939 2290 1130 2000
2940 2290 968 2000
2941 2290 1173 2000
2942 2290 1276 2000
2943 2290 1979 2000
2944 2290 2143 2000
2945 2290 1338 2000
2946 2290 575 2000
2947 2290 1009 2000
2948 2290 780 2000
2949 2290 1767 2000
2950 2290 1391 2000
2951 2290 567 2000
2952 2290 773 2000
2953 2290 1784 2000
2954 2290 1493 2000
2955 2290 2411 2000
2956 2746 2045 2064
2957 2746 1321 2064
2958 2746 1483 2064
2959 2746 2748 2064
2960 2746 2879 2064
2961 2746 950 2064
2962 2746 1670 2064
2963 2746 4643 1361
2964 2746 2412 2064
2965 2746 1479 2064
2966 2746 1297 2064
2967 2746 2674 2064
2968 2746 1518 2064
2969 2746 1173 2064
2970 2746 1657 2064
2971 2746 1801 2064
2972 2746 1715 2064
2973 2746 2120 2098
2974 2746 1002 2064
2975 2746 883 2064
2976 2543 2547 2031
2977 2543 2815 2031
2978 2543 1466 2031
2979 2543 1539 2031
2980 2543 1539 2031
2981 2543 1791 2031
2982 2543 1379 2031
2983 2543 2042 2031
2984 2543 2858 2031
2985 2543 2132 2031
2986 2543 2421 2031
2987 2543 2719 2031
2988 2543 1481 2031
2989 2543 2397 2031
2990 2543 1080 2031
2991 2543 2769 2031
2992 2543 2575 2031
2993 2543 2575 2031
2994 2543 1752 2031
2995 2543 1029 2031
2996 2543 2157 2031
2997 2543 967 2031
2998 2947 2194 2000
2999 2947 1767 2000
3000 2947 1662 2000
3001 2947 1920 2000
3002 2947 1495 2000
3003 2947 1777 2000
3004 2947 2360 2133
3005 2947 2506 2000
3006 2947 985 2000
3007 2947 1010 2000
3008 2947 1294 2000
3009 2947 2523 2000
3010 2947 2584 2000
3011 2947 2612 2000
3012 2947 1324 2000
3013 2947 1276 2000
3014 2947 1842 2000
3015 2947 2544 2000
3016 2947 2052 2000
3017 2947 2892 2007
3018 2135 1391 2000
3019 2135 1022 2000
3020 2135 878 2000
3021 2135 2605 2000
3022 2135 1083 2000
3023 2135 2724 2000
3024 2135 4643 1333
3025 2135 1464 2000
3026 2135 2092 2000
3027 2135 2261 2000
3028 2135 2261 2000
3029 2135 2821 2000
3030 2135 1197 2000
3031 2135 946 2000
3032 2135 1963 2000
3033 2135 2604 2000
3034 2135 2945 2007
3035 2135 2123 2000
3036 2135 2178 2000
3037 2135 2121 2031
3038 2135 1780 2000
3039 2764 2869 2048
3040 2764 871 2048
3041 2764 2797 2081
3042 2764 1550 2048
3043 2764 2566 2052
3044 2764 1833 2048
3045 2764 1033 2048
3046 2764 2576 2048
3047 2764 986 2048
3048 2764 2907 2048
3049 2764 2924 2348
3050 2764 2663 2081
3051 2764 2255 2048
3052 2764 2813 2048
3053 2764 1511 2048
3054 2764 1301 2048
3055 2764 1025 2048
3056 2764 1025 2048
3057 2764 2293 2048
3058 2764 1474 2048
3059 2764 2519 2081
3060 2329 1528 2064
3061 2329 1939 2064
3062 2329 1332 2064
3063 2329 2410 2064
3064 2329 2036 2064
3065 2329 1336 2064
3066 2329 1145 2064
3067 2329 1690 2064
3068 2329 1690 2064
3069 2329 2108 2064
3070 2329 2946 2064
3071 2329 1706 2064
3072 2329 2926 2064
3073 2329 2008 2064
3074 2329 994 2064
3075 4642 2701 1361
3076 2329 1563 2064
3077 2329 2720 2064
3078 2329 987 2064
3079 2329 2406 2064
3080 2329 1871 2064
3081 2264 2708 2000
3082 2264 2708 2000
3083 2264 2011 2000
3084 2264 2687 2000
3085 2264 2844 2285
3086 2264 1572 2000
3087 2264 2130 2000
3088 2264 2150 2000
3089 2264 2080 2000
3090 2264 2091 2000
3091 2264 1551 2000
3092 2264 1137 2000
3093 2264 2248 2000
3094 2264 2446 2031
3095 2264 2446 2031
3096 2264 2381 2000
3097 2264 1754 2000
3098 2264 1493 2000
3099 2264 2838 2000
3100 2264 2359 2000
3101 2264 864 2000
3102 2264 2812 2000
3103 2264 2812 2000
3104 1937 2028 2285
3105 1937 2478 2000
3106 1937 1459 2000
3107 1937 2225 2000
3108 1937 2616 2000
3109 1937 2839 2000
3110 1937 1707 2133
3111 1937 1144 2000
3112 1937 1498 2000
3113 1937 2003 2000
3114 1937 2003 2000
3115 1937 2763 2000
3116 1937 2426 2000
3117 1937 1109 2000
3118 4642 2666 1340
3119 1937 1168 2000
3120 1937 2906 2000
3121 1937 1011 2000
3122 1937 1337 2000
3123 1937 2372 2000
3124 1937 1935 2000
3125 1937 1935 2000
3126 2915 1845 2000
3127 2915 1595 2000
3128 2915 1009 2000
3129 2915 2131 2000
3130 2915 2131 2000
3131 2915 2904 2000
3132 2915 1804 2000
3133 2915 1333 2000
3134 2915 1503 2000
3135 2915 1924 2000
3136 2915 2246 2000
3137 2915 1832 2000
3138 2915 1775 2000
3139 2915 1640 2000
3140 2915 1113 2000
3141 2915 1113 2000
3142 2915 2462 2000
3143 2915 2807 2000
3144 2915 1116 2000
3145 2915 2048 2000
3146 2915 2407 2000
3147 2915 999 2000
3148 2915 999 2000
3149 2307 2262 2000
3150 2307 1235 2000
3151 2307 1638 2000
3152 2307 2323 2000
3153 2307 1916 2000
3154 2307 1645 2133
3155 2307 2596 2000
3156 2307 2798 2000
3157 2307 2717 2064
3158 2307 2204 2133
3159 2307 1739 2000
3160 2307 1843 2000
3161 2307 2442 2000
3162 2307 1753 2000
3163 2307 1984 2031
3164 2307 1712 2000
3165 2307 2169 2000
3166 2307 2169 2000
3167 2307 2256 2000
3168 2307 2256 2000
3169 2307 4643 1333
3170 2307 927 2000
3171 2022 1026 2000
3172 2022 1041 2000
3173 2022 2348 2000
3174 2022 1380 2000
3175 2022 1965 2000
3176 2022 2464 2000
3177 2022 982 2000
3178 2022 2816 2000
3179 2022 2929 2064
3180 2022 1890 2000
3181 2022 1338 2000
3182 2022 1597 2000
3183 2022 2747 2000
3184 2022 1056 2000
3185 2022 1478 2000
3186 2022 1553 2000
3187 2022 1270 2000
3188 2022 1159 2000
3189 2022 1457 2000
3190 2022 2836 2000
3191 2290 2298 2000
3192 2290 1047 2000
3193 2290 1422 2000
3194 2290 1096 2000
3195 2290 1764 2000
3196 2290 2934 2000
3197 2290 1729 2000
3198 2290 1139 2000
3199 2290 2417 2064
3200 2290 2885 2000
3201 2290 2585 2000
3202 2290 1855 2000
3203 2290 2689 2015
3204 2290 978 2000
3205 2290 1861 2000
3206 2290 2600 2000
3207 2290 895 2000
3208 2290 1100 2000
3209 2290 1676 2000
3210 2290 879 2000
3211 2290 879 2000
3212 2691 2180 2000
3213 2691 1784 2000
3214 2691 1727 2000
3215 2691 858 2000
3216 2691 1969 2000
3217 2691 1005 2000
3218 2691 2487 2031
3219 2691 859 2000
3220 2691 1972 2000
3221 2691 2143 2000
3222 2691 1925 2000
3223 2691 2549 2000
3224 2691 1507 2000
3225 2691 1547 2000
3226 2691 1648 2000
3227 2691 1053 2000
3228 2691 2635 2000
3229 2691 2635 2000
3230 2691 1236 2000
3231 2691 1364 2000
3232 2691 1835 2000
3233 2317 2222 2000
3234 2317 2145 2000
3235 2317 1405 2000
3236 2317 1413 2000
3237 2317 1470 2000
3238 4642 1268 1333
3239 2317 2013 2000
3240 2317 2517 2000
3241 2317 2664 2000
3242 2317 1489 2133
3243 2317 2801 2000
3244 2317 1201 2000
3245 2317 1201 2000
3246 2317 1530 2000
3247 2317 2006 2000
3248 2317 930 2000
3249 2317 968 2000
3250 2317 2343 2007
3251 2317 1936 2000
3252 2317 2948 2000
3253 2317 2433 2015
3254 2660 1027 2000
3255 2660 2555 2031
3256 2660 2820 2000
3257 2660 1032 2000
3258 2660 1032 2000
3259 2660 1216 2000
3260 2660 945 2000
3261 2660 945 2000
3262 2660 2047 2031
3263 2660 2378 2000
3264 2660 2265 2000
3265 2660 2265 2000
3266 2660 2876 2064
3267 2660 1968 2000
3268 2660 1778 2000
3269 2660 2111 2015
3270 2660 1877 2000
3271 2660 1919 2000
3272 2660 2683 2003
3273 2660 2777 2000
3274 2660 1186 2000
3275 2660 1895 2000
3276 2660 1458 2000
3277 2297 1455 2133
3278 2297 2681 2133
3279 2297 2490 2133
3280 2297 867 2133
3281 2297 2822 2245
3282 2297 2368 2133
3283 2297 2349 2151
3284 2297 1112 2133
3285 2297 1289 2133
3286 2297 1221 2133
3287 2297 1274 2133
3288 2297 1261 2133
3289 2297 2537 2133
3290 2297 1584 2133
3291 2297 2497 2133
3292 2297 4643 1391
3293 2297 1161 2133
3294 2297 1630 2133
3295 2297 2741 2133
3296 2297 1788 2133
3297 2297 2077 2133
3298 2335 2883 2007
3299 2335 2530 2000
3300 2335 1200 2000
3301 2335 1202 2000
3302 2335 1840 2000
3303 2335 958 2000
3304 2335 2771 2015
3305 2335 2128 2000
3306 2335 1358 2000
3307 2335 1773 2000
3308 2335 2841 2000
3309 2335 1125 2000
3310 2335 4643 1333
3311 2335 2448 2000
3312 2335 1452 2000
3313 2335 1452 2000
3314 2335 2296 2000
3315 2335 2284 2000
3316 2335 2400 2000
3317 2335 1043 2000
3318 2335 1681 2000
3319 2953 1757 2015
3320 2953 1363 2015
3321 2953 2429 2015
3322 2953 2825 2015
3323 2953 1708 2048
3324 2953 1408 2015
3325 2953 1408 2015
3326 2953 1592 2015
3327 2953 2633 2015
3328 2953 1177 2015
3329 2953 1763 2015
3330 2953 1428 2015
3331 2953 1552 2015
3332 2953 1744 2015
3333 2953 1671 2015
3334 2953 2260 2015
3335 2953 1701 2015
3336 2953 1059 2015
3337 2953 2112 2015
3338 2953 2765 2015
3339 2953 1130 2015
3340 1698 2162 2000
3341 1698 1813 2000
3342 1698 2237 2000
3343 1698 2250 2000
3344 1698 1979 2000
3345 1698 1636 2000
3346 1698 1672 2000
3347 1698 1672 2000
3348 1698 1975 2000
3349 1698 1251 2000
3350 1698 2281 2000
3351 1698 2528 2000
3352 1698 1305 2000
3353 1698 1590 2000
3354 1698 922 2000
3355 1698 1666 2000
3356 1698 2738 2000
3357 1698 1964 2133
3358 1698 2292 2000
3359 1698 4643 1333
3360 1698 2411 2000
3361 1698 2411 2000
3362 1953 1209 2133
3363 1953 2486 2133
3364 1953 2901 2133
3365 1953 2314 2133
3366 4642 1982 1333
3367 1953 2212 2133
3368 4642 2912 1333
3369 1953 1376 2133
3370 1953 1588 2133
3371 1953 4643 1391
3372 1953 1864 2133
3373 1953 2773 2151
3374 1953 2334 2133
3375 1953 873 2133
3376 1953 1618 2133
3377 1953 1400 2133
3378 1953 1958 2133
3379 1953 2705 2133
3380 1953 2671 2133
3381 4642 1605 1333
3382 2660 1871 2000
3383 2660 1478 2000
3384 2660 3327 2011
3385 2660 1595 2000
3386 2660 2120 2031
3387 2660 1636 2000
3388 2660 1832 2000
3389 2660 1895 2000
3390 2660 2901 2000
3391 2660 3048 2000
3392 2660 1337 2000
3393 2660 2411 2000
3394 2660 1458 2000
3395 2660 1553 2000
3396 2660 3149 2000
3397 2660 3210 2031
3398 2660 3210 2031
3399 2660 2256 2000
3400 2660 2256 2000
3401 2660 3021 2000
3402 2660 3026 2019
3403 2660 4643 1333
3404 3000 2616 2015
3405 3000 1428 2015
3406 3000 2530 2015
3407 3000 2724 2015
3408 3000 2162 2015
3409 3000 2248 2015
3410 3000 2549 2015
3411 3000 2130 2015
3412 3000 2036 2015
3413 3000 1968 2015
3414 3000 1752 2015
3415 3000 2354 2015
3416 3000 1701 2015
3417 3000 1638 2015
3418 3000 1380 2015
3419 3000 2892 2023
3420 3000 3141 2015
3421 3000 2777 2015
3422 3000 2720 2015
3423 3000 1753 2015
3424 3366 1757 2000
3425 3366 3193 2003
3426 3366 3159 2003
3427 3366 2045 2000
3428 3366 1550 2000
3429 3366 3330 2031
3430 3366 2635 2000
3431 3366 1528 2000
3432 3366 1670 2000
3433 3366 2128 2000
3434 3366 2293 2000
3435 3366 3010 2003
3436 3366 2666 2015
3437 3366 1552 2000
3438 3366 1552 2000
3439 3366 2967 2000
3440 3366 2555 2031
3441 3366 1855 2000
3442 3366 2260 2000
3443 3366 3070 2011
3444 3366 3310 2031
3445 2764 1657 2048
3446 2764 1969 2048
3447 2764 1422 2048
3448 2764 2633 2048
3449 2764 2633 2048
3450 2764 2858 2048
3451 2764 2738 2048
3452 2764 2948 2048
3453 4642 1791 1333
3454 2764 2412 2048
3455 2764 2412 2048
3456 2764 1935 2048
3457 4642 2028 1454
3458 2764 1459 2048
3459 2764 3300 2048
3460 2764 3300 2048
3461 2764 2683 2052
3462 2764 3006 2064
3463 2764 1690 2048
3464 2764 1563 2048
3465 2764 2343 2056
3466 2764 1813 2048
3467 2764 2798 2048
3468 3328 1835 2015
3469 3328 2544 2015
3470 3328 3190 2306
3471 3328 1507 2015
3472 3328 1712 2015
3473 3328 1964 2151
3474 3328 2349 2031
3475 3328 2132 2015
3476 3328 3090 2048
3477 3328 2334 2015
3478 3328 2771 2031
3479 3328 1936 2015
3480 3328 1413 2015
3481 3328 3081 2081
3482 3328 3212 2081
3483 3328 2448 2015
3484 3328 2566 2019
3485 3328 1840 2015
3486 3328 2966 2015
3487 3328 2296 2015
3488 2317 3233 2000
3489 2317 3220 2007
3490 2317 3275 2000
3491 2317 1338 2000
3492 2317 3173 2000
3493 2317 2801 2000
3494 2317 2719 2000
3495 2317 3121 2000
3496 2317 3178 2031
3497 2317 3178 2031
3498 2317 2885 2000
3499 2317 3229 2015
3500 2317 2904 2000
3501 2317 3318 2000
3502 2317 3162 2003
3503 2317 2262 2000
3504 2317 1364 2000
3505 2317 2150 2000
3506 2317 1588 2000
3507 2317 1671 2000
3508 2317 2464 2000
3509 2947 2314 2000
3510 2947 1640 2000
3511 2947 1640 2000
3512 2947 2585 2000
3513 2947 2523 2000
3514 2947 2741 2000
3515 2947 2111 2015
3516 2947 2180 2000
3517 2947 3151 2064
3518 2947 1982 2000
3519 2947 3175 2031
3520 2947 1592 2000
3521 2947 2368 2000
3522 2947 1845 2000
3523 2947 2042 2000
3524 2947 1784 2000
3525 2947 3168 2031
3526 2947 3168 2031
3527 2947 1305 2000
3528 2947 2813 2000
3529 2947 1391 2000
3530 2947 2178 2000
3531 2915 2812 2000
3532 2915 3337 2017
3533 2915 2605 2000
3534 2915 1333 2000
3535 2915 2091 2000
3536 2915 2600 2000
3537 4642 2596 1333
3538 2915 2816 2000
3539 2915 2052 2000
3540 2915 1890 2000
3541 2915 3107 2000
3542 2915 1662 2000
3543 2915 1547 2000
3544 2915 2169 2000
3545 2915 1916 2000
3546 2915 3044 2115
3547 2915 2003 2000
3548 2915 1324 2000
3549 2915 1376 2000
3550 2915 3313 2133
3551 2915 3313 2133
3552 3131 3240 2007
3553 3131 2797 2039
3554 3131 2281 2007
3555 3131 1408 2007
3556 3131 1877 2007
3557 3131 2478 2007
3558 3131 1672 2007
3559 3131 3325 2009
3560 3131 2406 2007
3561 3131 3023 2009
3562 3131 2747 2007
3563 3131 2292 2007
3564 3131 3256 2047
3565 3131 2145 2007
3566 3131 3129 2015
3567 3131 1681 2007
3568 3131 2708 2007
3569 3131 1551 2007
3570 3131 2397 2007
3571 3131 1301 2007
3572 2543 3145 2031
3573 2543 2519 2064
3574 2543 3194 2031
3575 2543 3194 2031
3576 2543 1400 2031
3577 2543 2446 2064
3578 2543 2986 2064
3579 2543 3281 2098
3580 2543 1842 2031
3581 2543 2876 2098
3582 2543 1984 2064
3583 2543 1833 2031
3584 2543 1597 2031
3585 2543 1630 2031
3586 2543 2047 2064
3587 2543 1518 2031
3588 2543 2934 2031
3589 2543 1729 2031
3590 2543 2048 2031
3591 2543 2121 2064
3592 2543 1919 2031
3593 3136 1358 2000
3594 3136 1775 2000
3595 3136 2323 2000
3596 3136 2255 2000
3597 4642 1495 1333
3598 3136 2821 2000
3599 3136 1939 2000
3600 3136 1455 2000
3601 3136 1861 2000
3602 3136 2360 2133
3603 3136 1572 2000
3604 3136 2143 2000
3605 3136 2945 2007
3606 3136 1297 2000
3607 3136 1773 2000
3608 3136 1924 2000
3609 3136 2547 2000
3610 3136 3244 2000
3611 3136 1666 2000
3612 3136 2839 2000
3613 3189 1511 2031
3614 3189 2008 2031
3615 3189 1489 2169
3616 3189 2705 2031
3617 3189 1715 2031
3618 3189 1539 2031
3619 3189 3276 2098
3620 3189 2261 2031
3621 3189 1843 2031
3622 3189 1780 2031
3623 3189 1332 2031
3624 3189 1503 2031
3625 3189 2417 2098
3626 3189 2975 2133
3627 4642 1618 1333
3628 3189 2250 2031
3629 3189 2807 2031
3630 3189 2204 2169
3631 3189 2604 2031
3632 3189 1975 2031
3633 2290 2820 2000
3634 2290 1739 2000
3635 2290 1676 2000
3636 2290 2717 2064
3637 2290 2717 2064
3638 2290 1727 2000
3639 2290 2284 2000
3640 2290 2838 2000
3641 2290 1744 2000
3642 2290 2689 2015
3643 2290 1864 2000
3644 2290 1972 2000
3645 2290 1706 2000
3646 2290 1706 2000
3647 2290 1963 2000
3648 2290 1470 2000
3649 2290 2671 2000
3650 2290 3013 2031
3651 2290 2907 2000
3652 2290 2517 2000
3653 2290 2426 2000
3654 2290 3322 2017
3655 3242 3287 2000
3656 3242 3180 2000
3657 3242 3180 2000
3658 3242 2237 2000
3659 3242 1645 2133
3660 3242 1479 2000
3661 3242 3058 2000
3662 3242 1452 2000
3663 3242 1804 2000
3664 3242 2575 2000
3665 3242 2013 2000
3666 3242 2359 2000
3667 3242 1925 2000
3668 3242 3314 2000
3669 3242 2836 2000
3670 3242 2462 2000
3671 3242 3259 2000
3672 3242 2674 2000
3673 3242 2246 2000
3674 3242 4643 1333
3675 3242 2769 2000
3676 2691 3091 2000
3677 2691 2612 2000
3678 2691 1763 2000
3679 2691 1965 2000
3680 2691 2407 2000
3681 2691 2429 2000
3682 2691 2006 2000
3683 2691 3051 2056
3684 2691 2844 2285
3685 2691 1530 2000
3686 2691 2348 2000
3687 2691 3316 2000
3688 2691 1648 2000
3689 2691 1321 2000
3690 2691 2506 2000
3691 2691 2822 2098
3692 2691 2490 2000
3693 2691 1498 2000
3694 2691 2421 2000
3695 2691 2528 2000
3696 2307 1754 2000
3697 2307 3215 2015
3698 2307 2681 2000
3699 2307 1466 2000
3700 2307 3154 2081
3701 2307 2929 2064
3702 2307 2869 2000
3703 2307 2077 2000
3704 2307 1457 2000
3705 2307 1457 2000
3706 2307 2926 2000
3707 2307 2926 2000
3708 2307 2748 2000
3709 2307 2215 2000
3710 2307 1405 2000
3711 2307 3317 2000
3712 2307 1289 2000
3713 2307 2265 2000
3714 2307 1363 2000
3715 2307 1483 2000
3716 2307 2773 2015
3717 2307 3369 2000
3718 3364 2486 2327
3719 3364 3114 2327
3720 3364 1708 2370
3721 3364 1708 2370
3722 3364 2194 2327
3723 3364 2818 2348
3724 3364 3085 2327
3725 3364 2946 2327
3726 3364 4643 1471
3727 3364 1336 2327
3728 3364 1336 2327
3729 3364 2765 2327
3730 3364 2011 2327
3731 3364 3263 2327
3732 3364 1379 2327
3733 3364 2763 2327
3734 3364 2537 2327
3735 3364 2701 2415
3736 3364 2157 2327
3737 3364 2410 2327
3738 3364 2524 2327
3739 3364 3335 2327
3740 2953 3052 2023
3741 2953 2108 2015
3742 2953 2112 2015
3743 2953 2663 2048
3744 2953 2883 2023
3745 2953 2433 2031
3746 2953 2584 2015
3747 2953 1801 2015
3748 2953 2372 2015
3749 2953 3161 2019
3750 2953 1493 2015
3751 2953 2131 2015
3752 2953 2131 2015
3753 2953 1707 2151
3754 2953 2664 2015
3755 2953 1605 2015
3756 2953 2378 2015
3757 4642 2123 1333
3758 2953 1767 2015
3759 2953 2381 2015
3760 2953 2825 2015
3761 2746 2815 2064
3762 2746 1464 2064
3763 2746 1958 2064
3764 2746 2841 2064
3765 2746 3188 2064
3766 2746 1979 2064
3767 2746 3312 2206
3768 2746 1584 2064
3769 2746 1584 2064
3770 2746 2576 2064
3771 2746 1590 2064
3772 2746 1474 2064
3773 2746 1777 2064
3774 2746 1600 2064
3775 2746 3098 2064
3776 2746 2906 2064
3777 2746 1481 2064
3778 2746 2924 2370
3779 2746 1764 2064
3780 2746 1778 2064
3781 2746 2225 2064
3782 2329 2092 2064
3783 2329 2092 2064
3784 2329 3099 2064
3785 2329 2687 2064
3786 2329 2879 2064
3787 2329 3252 2068
3788 2329 2298 2064
3789 2329 4643 1361
3790 2329 2912 2064
3791 2329 2487 2098
3792 2329 2960 2067
3793 2329 4643 1361
3794 2329 2400 2064
3795 2329 3250 2100
3796 2329 2222 2064
3797 2329 1294 2064
3798 2329 1294 2064
3799 2329 2212 2064
3800 2329 1788 2064
3801 2329 3332 2066
3802 2329 3279 2151
3803 2329 2442 2064
3804 3366 3529 2003
3805 3366 2769 2000
3806 3366 2769 2000
3807 3366 2178 2000
3808 3366 2262 2000
3809 3366 3662 2000
3810 3366 3048 2000
3811 3366 2334 2000
3812 3366 2724 2000
3813 3366 1763 2000
3814 3366 3638 2007
3815 3366 2036 2000
3816 3366 2411 2000
3817 3366 2966 2000
3818 3366 2879 2000
3819 3366 3161 2003
3820 3366 3279 2081
3821 4642 2222 1333
3822 3366 1965 2000
3823 3366 1965 2000
3824 3366 3639 2133
3825 3366 3151 2064
3826 2543 3052 2039
3827 2543 4643 1347
3828 2543 2717 2098
3829 2543 2410 2031
3830 2543 3287 2031
3831 2543 1936 2031
3832 2543 1936 2031
3833 2543 2777 2031
3834 2543 3415 2031
3835 2543 2442 2031
3836 2543 4643 1347
3837 2543 1804 2031
3838 2543 2844 2327
3839 2543 2003 2031
3840 2543 2011 2031
3841 2543 1784 2031
3842 2543 4643 1347
3843 2543 3682 2066
3844 2543 3498 2032
3845 2543 3099 2031
3846 2543 3402 2060
3847 2543 1919 2031
3848 3458 1925 2007
3849 3458 2212 2007
3850 3458 2876 2072
3851 3458 2741 2007
3852 3458 3777 2007
3853 3458 2255 2007
3854 3458 1935 2007
3855 3458 2128 2007
3856 3458 1775 2007
3857 3458 3778 2007
3858 3458 3524 2015
3859 3458 2544 2007
3860 3458 3390 2011
3861 3458 2616 2007
3862 3458 2225 2007
3863 3458 3337 2025
3864 3458 3325 2009
3865 3458 3740 2020
3866 3458 2813 2007
3867 3458 1727 2007
3868 3364 1788 2327
3869 3364 3447 2348
3870 3364 3609 2337
3871 3364 2497 2327
3872 3364 1864 2327
3873 3364 3642 2332
3874 3364 3021 2327
3875 3364 3567 2348
3876 3364 3233 2327
3877 3364 3615 2327
3878 3364 3653 2375
3879 3364 2506 2327
3880 3364 2801 2327
3881 3364 2426 2327
3882 3364 1801 2327
3883 3364 3546 2337
3884 3364 3322 2351
3885 3364 2359 2327
3886 3364 2446 2370
3887 3364 1877 2327
3888 3189 3090 2064
3889 3189 1715 2031
3890 3189 2975 2133
3891 3189 2406 2031
3892 3189 1708 2064
3893 3189 2549 2031
3894 3189 3495 2048
3895 3189 2042 2031
3896 3189 1924 2031
3897 3189 3058 2031
3898 3189 3159 2035
3899 3189 2869 2031
3900 3189 1958 2031
3901 3189 2349 2048
3902 3189 2378 2031
3903 3189 2635 2031
3904 3189 2130 2031
3905 4642 3332 1334
3906 3189 2719 2031
3907 3189 2719 2031
3908 3189 2986 2064
3909 3798 3114 2000
3910 3798 1843 2000
3911 3798 3705 2000
3912 3798 2747 2000
3913 3798 2293 2000
3914 3798 2708 2000
3915 3798 2169 2000
3916 3798 1968 2000
3917 3798 2948 2000
3918 3798 4643 1333
3919 3798 2946 2000
3920 3798 2926 2000
3921 3798 2633 2000
3922 3798 1764 2000
3923 3798 2812 2000
3924 3798 3180 2000
3925 3798 1939 2000
3926 3798 2858 2000
3927 3798 2612 2000
3928 3798 2763 2000
3929 3000 3561 2061
3930 3000 2108 2015
3931 3000 3612 2023
3932 3000 2748 2015
3933 3000 2433 2031
3934 3000 3275 2015
3935 3000 2261 2015
3936 3000 3499 2039
3937 3000 1845 2015
3938 3000 2818 2031
3939 3000 3570 2053
3940 3000 2836 2015
3941 3000 2967 2015
3942 3000 4643 1340
3943 3000 3563 2085
3944 3000 3576 2081
3945 3000 3622 2015
3946 3000 3679 2023
3947 3000 2883 2023
3948 3000 3560 2053
3949 3484 3098 2005
3950 3484 2028 2292
3951 3484 2052 2005
3952 3484 3259 2005
3953 3484 3026 2025
3954 3484 1791 2005
3955 3484 1916 2005
3956 3484 3663 2005
3957 3484 1871 2005
3958 3484 2683 2009
3959 3484 3530 2013
3960 3484 3220 2013
3961 3484 2960 2008
3962 3484 3149 2005
3963 3484 3592 2005
3964 3484 2901 2005
3965 3484 2663 2037
3966 3484 3168 2037
3967 3484 1780 2005
3968 3484 3190 2292
3969 2764 2674 2048
3970 2764 2547 2048
3971 2764 2248 2048
3972 2764 2765 2048
3973 2764 1752 2048
3974 2764 1752 2048
3975 2764 3276 2115
3976 2764 1982 2048
3977 2764 2701 2115
3978 2764 3737 2048
3979 2764 2807 2048
3980 2764 2807 2048
3981 2764 3240 2048
3982 2764 3504 2115
3983 2764 2821 2048
3984 2764 3772 2048
3985 2764 3229 2064
3986 2764 3044 2169
3987 2764 2907 2048
3988 2764 1754 2048
3989 2764 2397 2048
3990 2764 2537 2048
3991 2947 2006 2000
3992 2947 2112 2000
3993 2947 2555 2031
3994 4642 3107 1333
3995 2947 3178 2031
3996 2947 2250 2000
3997 2947 2250 2000
3998 2947 1835 2000
3999 2947 2121 2031
4000 2947 3121 2000
4001 2947 1753 2000
4002 2947 2092 2000
4003 2947 3252 2003
4004 2947 2448 2000
4005 2947 3070 2011
4006 2947 2008 2000
4007 2947 2045 2000
4008 2947 1840 2000
4009 2947 3659 2039
4010 2947 3318 2000
4011 2947 2343 2007
4012 3559 3743 2079
4013 3559 2111 2050
4014 3559 2265 2033
4015 3559 3330 2066
4016 3559 3010 2037
4017 3559 2720 2033
4018 3559 2585 2033
4019 3559 2143 2033
4020 3559 1984 2066
4021 3559 3188 2033
4022 3559 3162 2037
4023 3559 2904 2033
4024 3559 1739 2033
4025 3559 1739 2033
4026 3559 2671 2033
4027 3559 2773 2050
4028 3559 3013 2066
4029 3559 2924 2330
4030 3559 1767 2033
4031 3559 3527 2037
4032 3559 3256 2075
4033 3328 3528 2033
4034 4642 2281 1333
4035 3328 3423 2024
4036 3328 2464 2015
4037 3328 2464 2015
4038 3328 3759 2031
4039 3328 3431 2015
4040 3328 2080 2015
4041 3328 2486 2015
4042 3328 2576 2015
4043 3328 3313 2151
4044 3328 2825 2015
4045 3328 2825 2015
4046 3328 2360 2151
4047 3328 2566 2019
4048 4642 2664 1333
4049 3328 2292 2015
4050 3328 3473 2035
4051 3328 1842 2015
4052 3328 1842 2015
4053 3328 2013 2015
4054 3328 2123 2015
4055 3328 3791 2015
4056 3782 3387 2011
4057 3782 2487 2043
4058 3782 1972 2011
4059 3782 3327 2023
4060 3782 3244 2011
4061 3782 2256 2011
4062 3782 3006 2027
4063 3782 3421 2015
4064 3782 3310 2043
4065 3782 2705 2011
4066 3782 2047 2043
4067 3782 1777 2011
4068 3782 2180 2011
4069 3782 3335 2011
4070 3782 3154 2094
4071 3782 3540 2027
4072 3782 3444 2011
4073 3782 3193 2015
4074 3782 3648 2011
4075 3782 2381 2011
4076 3782 2381 2011
4077 3136 2584 2000
4078 3136 1729 2000
4079 3136 3575 2000
4080 3136 2666 2015
4081 3136 2296 2000
4082 3136 3491 2007
4083 3136 3491 2007
4084 3136 2048 2000
4085 3136 3369 2000
4086 3136 2815 2000
4087 3136 3194 2000
4088 3136 2157 2000
4089 3136 3596 2064
4090 3136 3596 2064
4091 3136 3453 2000
4092 3136 2421 2000
4093 3136 3480 2000
4094 3136 2246 2000
4095 3136 2145 2000
4096 3136 1964 2133
4097 3136 2348 2000
4098 3136 3459 2060
4099 3665 3317 2000
4100 3665 1707 2133
4101 3665 2605 2000
4102 3665 1920 2000
4103 3665 1778 2000
4104 3665 2077 2000
4105 3665 1773 2000
4106 3665 2400 2000
4107 3665 2517 2000
4108 3665 1712 2000
4109 3665 2816 2000
4110 3665 3353 2000
4111 3665 3353 2000
4112 3665 2162 2000
4113 3665 3173 2000
4114 3665 3433 2031
4115 3665 2150 2000
4116 3665 3312 2133
4117 3665 3461 2052
4118 3665 2417 2064
4119 3665 3212 2064
4120 3131 1757 2007
4121 3131 2132 2007
4122 3131 1701 2007
4123 3131 2528 2007
4124 3131 3316 2007
4125 3131 2600 2007
4126 3131 2738 2007
4127 3131 1969 2007
4128 3131 3672 2007
4129 3131 3314 2007
4130 3131 2771 2023
4131 3131 1895 2007
4132 3131 2314 2007
4133 3131 2120 2039
4134 3131 2462 2007
4135 3131 2412 2007
4136 3131 3470 2031
4137 3131 2689 2023
4138 3131 3434 2072
4139 3131 3637 2007
4140 3131 3637 2007
4141 3536 3081 2098
4142 3536 2841 2031
4143 3536 3085 2031
4144 3536 2596 2031
4145 3536 3250 2066
4146 3536 1890 2031
4147 3536 2822 2133
4148 3536 2204 2169
4149 3536 3597 2039
4150 3536 2820 2031
4151 3536 3688 2064
4152 3536 2575 2031
4153 3536 2260 2031
4154 3536 2490 2031
4155 3536 2490 2031
4156 3536 3210 2064
4157 3536 1963 2031
4158 3536 2798 2031
4159 3536 2407 2031
4160 3536 2429 2031
4161 3536 3594 2098
4162 2746 1861 2064
4163 2746 2797 2098
4164 2746 3428 2072
4165 2746 3091 2064
4166 2746 3437 2064
4167 2746 3686 2133
4168 2746 3145 2064
4169 2746 3439 2081
4170 2746 2912 2064
4171 2746 2530 2064
4172 2746 3784 2070
4173 2746 2838 2064
4174 2746 3051 2124
4175 2746 3215 2081
4176 2746 3215 2081
4177 2746 3701 2100
4178 2746 3263 2064
4179 2746 2519 2098
4180 2746 2885 2064
4181 2746 2681 2064
4182 2746 1833 2064
4183 3242 3129 2007
4184 3242 3588 2007
4185 3242 2323 2000
4186 3242 2368 2000
4187 4642 3385 1333
4188 3242 3334 2000
4189 3242 3767 2072
4190 3242 1979 2000
4191 3242 3141 2000
4192 3242 2215 2000
4193 3242 2839 2000
4194 3242 2934 2000
4195 3242 3175 2031
4196 3242 2091 2000
4197 3242 3521 2007
4198 3242 2284 2000
4199 3242 2237 2000
4200 3242 2354 2000
4201 3242 3281 2064
4202 3242 2298 2000
4203 3735 2523 2017
4204 3735 2523 2017
4205 3735 1744 2017
4206 3735 2372 2017
4207 3735 2906 2017
4208 3735 3488 2308
4209 3735 3677 2017
4210 3735 3300 2017
4211 3735 2524 2017
4212 3735 2478 2017
4213 3735 2687 2017
4214 3735 2604 2017
4215 3735 2131 2017
4216 3735 3023 2019
4217 3735 3023 2019
4218 3735 1813 2017
4219 3735 1813 2017
4220 3735 2945 2025
4221 3735 1832 2017
4222 3735 2929 2083
4223 3735 2892 2025
4224 3735 1975 2017
4225 3735 3558 2052
4226 3131 2255 2007
4227 3131 2924 2295
4228 3131 2412 2007
4229 3131 3312 2142
4230 3131 2265 2007
4231 3131 3317 2007
4232 3131 3317 2007
4233 3131 2131 2007
4234 3131 2664 2007
4235 3131 3609 2015
4236 3131 2633 2007
4237 3131 4139 2056
4238 3131 2524 2007
4239 3131 2130 2007
4240 3131 2555 2039
4241 3131 2812 2007
4242 3131 3318 2007
4243 3131 2584 2007
4244 3131 3570 2044
4245 3131 3114 2007
4246 3131 2616 2007
4247 3910 3807 2023
4248 3910 3575 2015
4249 3910 2822 2115
4250 3910 2194 2015
4251 3910 4060 2028
4252 3910 3498 2016
4253 3910 3499 2039
4254 3910 4042 2020
4255 3910 2292 2015
4256 3910 4040 2089
4257 3910 3048 2015
4258 3910 2934 2015
4259 3910 3827 2081
4260 3910 2497 2015
4261 3910 3447 2031
4262 3910 3737 2015
4263 3910 3229 2031
4264 3910 2596 2015
4265 3910 3743 2060
4266 3910 3421 2019
4267 3458 2487 2039
4268 3458 2575 2007
4269 3458 3682 2041
4270 3458 2948 2007
4271 3458 3701 2041
4272 3458 3955 2045
4273 3458 3896 2007
4274 3458 4098 2043
4275 3458 3178 2039
4276 3458 3210 2039
4277 3458 3423 2016
4278 3458 2906 2007
4279 3458 2585 2007
4280 3458 2777 2007
4281 3458 3322 2025
4282 3458 4145 2018
4283 3458 3263 2007
4284 3458 3588 2015
4285 3458 2747 2007
4286 3458 2687 2007
4287 3735 4160 2037
4288 3735 3867 2033
4289 3735 3642 2021
4290 3735 3434 2083
4291 3735 3434 2083
4292 3735 2204 2153
4293 3735 3058 2017
4294 3735 3013 2050
4295 3735 4015 2113
4296 3735 4104 2033
4297 3735 3190 2308
4298 3735 2528 2017
4299 3735 3313 2153
4300 3735 2162 2017
4301 3735 3107 2017
4302 3735 2359 2017
4303 3735 3385 2017
4304 3735 3168 2050
4305 3735 2462 2017
4306 3735 3070 2029
4307 3735 2604 2017
4308 3364 3576 2415
4309 3364 2600 2327
4310 3364 2600 2327
4311 3364 3903 2327
4312 3364 3259 2327
4313 3364 3653 2375
4314 3364 3129 2337
4315 3364 3010 2332
4316 3364 3996 2332
4317 3364 2821 2327
4318 3364 3081 2415
4319 3364 4198 2327
4320 3364 2975 2461
4321 3364 2815 2327
4322 3364 2519 2370
4323 3364 2519 2370
4324 3364 3193 2332
4325 3364 3453 2327
4326 3364 4048 2362
4327 3364 3240 2327
4328 3364 2960 2331
4329 3364 3437 2327
4330 3809 4095 2007
4331 3809 3686 2072
4332 3809 2354 2007
4333 3809 3784 2013
4334 3809 2663 2039
4335 3809 3091 2007
4336 3809 3679 2015
4337 3809 2212 2007
4338 3809 3791 2007
4339 3809 3527 2011
4340 3809 3052 2015
4341 3809 3220 2015
4342 3809 4051 2007
4343 3809 4051 2007
4344 3809 2446 2039
4345 3809 3337 2025
4346 3809 3740 2020
4347 3809 3907 2023
4348 3809 4009 2016
4349 3809 4124 2021
4350 3809 2506 2007
4351 4216 2530 2058
4352 4216 2530 2058
4353 4216 3767 2136
4354 4216 3663 2058
4355 4216 2549 2058
4356 4216 3914 2067
4357 4216 2246 2058
4358 4216 2400 2058
4359 4216 3992 2077
4360 4216 2813 2058
4361 4216 2708 2058
4362 4216 3540 2075
4363 4216 2858 2058
4364 4216 2683 2062
4365 4216 4201 2063
4366 4216 3175 2092
4367 4216 3638 2067
4368 4216 2929 2127
4369 4216 3250 2094
4370 4216 2348 2058
4371 4216 3688 2092
4372 3484 3804 2039
4373 3484 2666 2021
4374 3484 2926 2005
4375 3484 3188 2005
4376 4642 2256 1333
4377 3484 3592 2005
4378 3484 3521 2013
4379 3484 3558 2039
4380 3484 2544 2005
4381 3484 3433 2037
4382 3484 2945 2013
4383 3484 3958 2026
4384 3484 3332 2007
4385 3484 3705 2005
4386 3484 3560 2042
4387 3484 3470 2029
4388 3484 4026 2043
4389 3484 3141 2005
4390 3484 2717 2070
4391 3484 2262 2005
4392 3484 2262 2005
4393 3798 3051 2056
4394 3798 3276 2064
4395 3798 4029 2079
4396 3798 3369 2000
4397 3798 4191 2031
4398 3798 4140 2048
4399 3798 2406 2000
4400 3798 3567 2015
4401 3798 3977 2094
4402 3798 3353 2000
4403 3798 4219 2000
4404 3798 3145 2000
4405 3798 3596 2064
4406 3798 3926 2023
4407 3798 2576 2000
4408 3798 2724 2000
4409 3798 2566 2003
4410 3798 3968 2011
4411 3798 3335 2000
4412 3798 2378 2000
4413 3536 3845 2031
4414 3536 2448 2031
4415 3536 2464 2031
4416 3536 2892 2039
4417 3536 2838 2031
4418 3536 3561 2078
4419 3536 3431 2031
4420 3536 2966 2031
4421 4642 2169 1333
4422 3536 3006 2048
4423 3536 3215 2048
4424 3536 2547 2031
4425 3536 3275 2031
4426 3536 2635 2031
4427 3536 3099 2031
4428 4642 3495 1340
4429 3536 3824 2120
4430 3536 4057 2048
4431 3536 3390 2035
4432 3536 3759 2048
4433 4106 4020 2132
4434 4106 3162 2068
4435 4106 4102 2098
4436 4106 2248 2064
4437 4106 3594 2133
4438 4106 2986 2098
4439 4106 3415 2064
4440 4106 3637 2064
4441 4106 3880 2070
4442 4106 3843 2064
4443 4106 2771 2081
4444 4106 2334 2064
4445 4106 2237 2064
4446 4642 2429 1333
4447 4106 4116 2077
4448 4106 2128 2064
4449 4106 2421 2064
4450 4106 3444 2064
4451 4106 2121 2098
4452 4106 4111 2064
4453 4055 3121 2033
4454 4055 3121 2033
4455 4055 2748 2033
4456 4055 2145 2033
4457 4055 3279 2117
4458 4055 3622 2033
4459 4055 3149 2033
4460 4055 2397 2033
4461 4055 3330 2066
4462 4055 3615 2033
4463 4055 3901 2033
4464 4055 2260 2033
4465 4055 4177 2061
4466 4055 2904 2033
4467 4055 2442 2033
4468 4642 2836 1333
4469 4055 3151 2100
4470 4055 3316 2033
4471 4055 3918 2054
4472 4055 3402 2062
4473 4055 3044 2153
4474 3837 2314 2015
4475 3837 2368 2015
4476 3837 3672 2015
4477 3837 3194 2015
4478 3837 2120 2048
4479 4642 2523 1333
4480 3837 4012 2114
4481 3837 4001 2017
4482 3837 2225 2015
4483 3837 2323 2015
4484 3837 3777 2015
4485 3837 3459 2077
4486 3837 4062 2023
4487 3837 2946 2015
4488 3837 2349 2031
4489 3837 3963 2032
4490 3837 2486 2015
4491 3837 3098 2015
4492 3837 2769 2015
4493 3837 2490 2015
4494 3189 2912 2031
4495 3189 3529 2035
4496 3189 3334 2031
4497 3189 2517 2031
4498 3189 4114 2039
4499 3189 4148 2039
4500 3189 4148 2039
4501 3189 2478 2031
4502 3189 4086 2048
4503 3189 2883 2039
4504 3189 2157 2031
4505 3189 2417 2098
4506 3189 2773 2048
4507 3189 3778 2031
4508 3189 4166 2031
4509 3189 2844 2327
4510 3189 2720 2031
4511 3189 3639 2169
4512 3189 2820 2031
4513 3189 3871 2031
4514 3189 2180 2031
4515 3559 3325 2035
4516 3559 3090 2066
4517 3559 3772 2033
4518 3559 3256 2075
4519 3559 2818 2050
4520 3559 2681 2033
4521 3559 3173 2033
4522 3559 2807 2033
4523 3559 4136 2065
4524 3559 3546 2042
4525 3559 2765 2033
4526 3559 3473 2054
4527 3559 3327 2046
4528 3559 2381 2033
4529 3559 2150 2033
4530 3559 3244 2033
4531 3559 2741 2033
4532 3559 2143 2033
4533 3559 2222 2033
4534 3559 4016 2069
4535 3782 3898 2027
4536 3782 4165 2011
4537 3782 2411 2011
4538 3782 2901 2011
4539 3782 2612 2011
4540 3782 2410 2011
4541 3782 3620 2011
4542 3782 2885 2011
4543 3782 3461 2064
4544 3782 4069 2019
4545 3782 2123 2011
4546 3782 2719 2011
4547 3782 3480 2012
4548 3782 3936 2032
4549 3782 3967 2029
4550 3782 3888 2052
4551 3782 2907 2011
4552 3782 2215 2011
4553 3782 2738 2011
4554 3782 3287 2011
4555 4017 3659 2046
4556 4017 2407 2006
4557 4017 3934 2017
4558 4017 3648 2006
4559 4017 2841 2006
4560 4017 3180 2006
4561 4017 3159 2010
4562 4017 3159 2010
4563 4017 3300 2006
4564 4017 3921 2014
4565 4017 4222 2009
4566 4017 2426 2006
4567 4017 2689 2022
4568 4017 3387 2006
4569 4017 3563 2076
4570 4017 3872 2006
4571 4017 2296 2006
4572 4017 2801 2006
4573 4017 3281 2071
4574 4017 3439 2022
4575 4017 2876 2071
4576 3366 2343 2007
4577 3366 2284 2000
4578 3366 3026 2019
4579 3366 3154 2081
4580 3366 3612 2007
4581 3366 4643 1333
4582 3366 2360 2133
4583 3366 2671 2000
4584 3366 2816 2000
4585 3366 3085 2000
4586 3366 3212 2064
4587 3366 3212 2064
4588 3366 3662 2000
4589 3366 2674 2000
4590 3366 2701 2064
4591 3366 3897 2000
4592 3366 3991 2001
4593 3366 3530 2007
4594 3366 2261 2000
4595 3366 3894 2000
4596 3366 3894 2000
4597 3366 3677 2000
4598 3665 2537 2000
4599 3665 2879 2000
4600 3665 3233 2000
4601 3665 3233 2000
4602 3665 2605 2000
4603 3665 3021 2000
4604 3665 2132 2000
4605 3665 3597 2007
4606 3665 2967 2000
4607 3665 2967 2000
4608 4642 3314 1333
4609 3665 2372 2000
4610 3665 2372 2000
4611 3665 2798 2000
4612 3665 3310 2031
4613 3665 2797 2031
4614 3665 3959 2021
4615 3665 3821 2000
4616 3665 3504 2064
4617 3665 3984 2060
4618 3665 3813 2000
4619 3665 2298 2000
4620 3665 3524 2007
4621 4174 2281 2098
4622 4174 3491 2106
4623 4174 2433 2115
4624 4174 4011 2103
4625 4174 2705 2098
4626 4174 2705 2098
4627 4174 3488 2415
4628 4174 4171 2098
4629 4174 3528 2117
4630 4174 3899 2098
4631 4174 3161 2102
4632 4174 2839 2098
4633 4174 3023 2100
4634 4174 3428 2106
4635 4174 2178 2098
4636 4174 2869 2098
4637 4174 2293 2098
4638 4174 2763 2098
4639 4174 4061 2131
4640 4174 3252 2102
4641 4174 2250 2098
