1 1 8.227580098846
1 2 3.438271310942
2 2 8.954010413251
1 3 1.176962440315
2 3 .432327333335
3 3 3.426488859699
1 4 -2.679242157528
2 4 3.509227729176
3 4 1.020943597259
4 4 8.588192201036
1 5 4.591906856627
2 5 -.828562414302
3 5 .512872496705
4 5 -3.833502693786
5 5 9.404861755591
1 6 3.292611669492
2 6 4.342936194331
3 6 1.957682066646
4 6 2.634847819974
5 6 -1.212943813007
6 6 7.803833319857
1 7 1.224602987848
2 7 -.145026753514
3 7 1.650525166225
4 7 1.622943940295
5 7 1.733965875540
6 7 1.838287321116
7 7 12.480954377545
1 8 .582925503162
2 8 -.429741909855
3 8 1.557501841270
4 8 -.307483793700
5 8 1.435528693557
6 8 -.934234266229
7 8 .748528378515
8 8 13.267216397346
1 9 1.224602987848
2 9 -.145026753514
3 9 1.650525166225
4 9 1.622943940295
5 9 1.733965875540
6 9 1.838287321116
7 9 -7.519045324432
8 9 .748528378515
9 9 12.480954377545
1 10 1.499047130815
2 10 1.922998004061
3 10 .259833547491
4 10 1.832325437715
5 10 1.848891925922
6 10 .154838378686
7 10 1.044016120736
8 10 1.208649427079
9 10 1.044016120736
10 10 3.129053374694
1 11 -4.501270588976
2 11 -.899518832536
3 11 .668891339761
4 11 4.899062649627
5 11 -2.169728395972
6 11 -.555179963490
7 11 1.335624923092
8 11 2.325937990418
9 11 1.335624923092
10 11 1.515613619022
11 11 8.429938067401
1 12 -1.123191536883
2 12 -1.935521041061
3 12 1.340578659266
4 12 -1.126745464304
5 12 3.284600331733
6 12 -3.071204288578
7 12 .833710253843
8 12 3.625794641290
9 12 .833710253843
10 12 .852620467462
11 12 3.288154259155
12 12 6.956133935010
1 13 1.498647091245
2 13 -.702515419961
3 13 1.616674751896
4 13 1.602693174701
5 13 .810518391747
6 13 1.707953337845
7 13 2.491170233687
8 13 1.188256964685
9 13 2.491170233687
10 13 1.213988092139
11 13 .706472308291
12 13 .609355736152
13 13 5.085518179757
1 14 .582925503162
2 14 -.429741909855
3 14 1.557501841270
4 14 -.307483793700
5 14 1.435528693557
6 14 -.934234266229
7 14 .748528378515
8 14 -6.732783304630
9 14 .748528378515
10 14 1.208649427079
11 14 2.325937990418
12 14 3.625794641290
13 14 1.188256964685
14 14 13.267216397346
1 15 .963620405062
2 15 2.915883751480
3 15 1.170690594615
4 15 .921277114914
5 15 1.252096122526
6 15 1.136518870446
7 15 -.088786177036
8 15 1.715374760553
9 15 -.088786177036
10 15 1.265458628342
11 15 1.294439412673
12 15 2.006208853761
13 15 -1.508160338580
14 15 1.715374760553
15 15 5.328789119704
