ID011  A  2  9.2   40.87  29  1  0.98 5
ID011  A  1 10.3   39.13  30  1  0.98 6
ID011  A  5 11.4   41.20  31  2  0.98 7
ID013  B  4  9.7    4.41  14  2  1.00 1
ID013  B  6  8.9   23.25  15  2  1.00 2
ID013  B  5 10.0   28.10  16  1  1.00 3
ID013  B  1 10.6   35.24  17  1  1.00 5
ID010  B  2 10.9   33.10  40  1  1.02 4
ID010  B  5 11.7   37.44  42  2  1.02 5
ID015  A  1  9.7   41.13  10  1  1.00 5
ID015  A  3 12.4   41.20  14  2  1.00 6
ID015  A  6 12.5   42.05  12  1  1.00 8
ID007  B  3 10.7   31.08  15  2  1.04 5
ID007  B  3 11.1   33.71  18  1  1.04 6
ID014  A  4  9.9   26.98  27  2  1.01 2
ID014  A  2 10.0   28.71  28  1  1.01 3
ID014  A  4 10.7   29.10  28  1  1.01 4
ID014  A  5 10.4   35.82  27  2  1.01 6
ID014  A  6 11.0   36.37  26  1  1.01 7
ID012  A  2 10.6   10.93  25  1  0.99 1
ID012  A  6 10.5   21.36  27  2  0.99 2
ID012  A  2 10.9   30.93  29  1  0.99 4
ID008  A  3  9.9    6.70  29  2  1.05 1
ID008  A  1 11.3   21.81  30  1  1.05 3
ID009  B  1  9.5   23.09  22  1  1.01 2
ID009  B  4 10.5   26.41  24  2  1.01 3
ID009  B  5 10.8   27.77  25  1  1.01 4
