1  1211121200011211220201121220102021210101000220020211021011002222000222000012211001112100120020012220 
2  1212020111001211212000102001202022201112000110020102011001012212110122100001210101112200210010022220 
3  2122020210000221111111112010011100011112000202002112120112201221121022100111220110111200210010111220 
4  2222020200110122210121001100022221102111000010011202020002002222000222000020120000020200200000200220 
5  1201121111012200221100012210201010110111000211011112120112101221110122100012211000022200110010012220 
6  2122020101100221121111212100112111112212000101012211111001201211112022100201220110022200220020111120 
7  1201121111012200221100012110202021210101000220020202020002002222000222000011221101112200120020012220 
8  1211121200011211210111111110012121201011000110020211021011002222000222000011110001111100210010111220 
9  2222020200000222211000212001112111112212000101011102011001112212121022100102210110022200210010022220 
10 2111121101111210121211112210202021211211000110021211111001101211101122100111221000022200120020101120 
11 2211121200121111220211011210112121111201000120011202020002002222000222000021221000021200110010101220 
12 2222020200110122210121001100022221102111000010011202020002002222000222000020120000020200200000200220 
13 2122020101210121121222101200112122102212000010012211111001101211101122100110220000021200210010200120 
14 2122020101100221112111202101202022202222000000021111102000111201211022200101210000022200210010111120 
15 2122020101210121121222101200112122102212000010012211111001101211101122100110220000021200210010200120 
