1 0 0
2 0 0
3 0 0
4 0 0
5 0 0
6 0 0
7 0 0
8 0 0
9 0 0
10 0 0
11 0 0
12 0 0
13 0 0
14 0 0
15 0 0
16 0 0
17 0 0
18 0 0
19 0 0
20 0 0
21 0 0
22 0 0
23 0 0
24 0 0
25 0 0
26 0 0
27 0 0
28 0 0
29 0 0
30 0 0
31 0 0
32 0 0
33 0 0
34 0 0
35 0 0
36 0 0
37 0 0
38 0 0
39 0 0
40 0 0
41 0 0
42 0 0
43 0 0
44 0 0
45 0 0
46 0 0
47 0 0
48 0 0
49 0 0
50 0 0
51 0 0
52 0 0
53 0 0
54 0 0
55 0 0
56 0 0
57 0 0
58 0 0
59 0 0
60 0 0
61 0 0
62 0 0
63 0 0
64 0 0
65 0 0
66 0 0
67 0 0
68 0 0
69 0 0
70 0 0
71 0 0
72 0 0
73 0 0
74 0 0
75 0 0
76 0 0
77 0 0
78 0 0
79 0 0
80 0 0
81 0 0
82 0 0
83 0 0
84 0 0
85 0 0
86 0 0
87 0 0
88 0 0
89 0 0
90 0 0
91 0 0
92 0 0
93 0 0
94 0 0
95 0 0
96 0 0
97 0 0
98 0 0
99 0 0
100 0 0
101 0 0
102 0 0
103 0 0
104 0 0
105 0 0
106 0 0
107 0 0
108 0 0
109 0 0
110 0 0
111 0 0
112 0 0
113 0 0
114 0 0
115 0 0
116 0 0
117 0 0
118 0 0
119 0 0
120 0 0
121 0 0
122 0 0
123 0 0
124 0 0
125 0 0
126 0 0
127 0 0
128 0 0
129 0 0
130 0 0
131 0 0
132 0 0
133 0 0
134 0 0
135 0 0
136 0 0
137 0 0
138 0 0
139 0 0
140 0 0
141 0 0
142 0 0
143 0 0
144 0 0
145 0 0
146 0 0
147 0 0
148 0 0
149 0 0
150 0 0
151 0 0
152 0 0
153 0 0
154 0 0
155 0 0
156 0 0
157 0 0
158 0 0
159 0 0
160 0 0
161 0 0
162 0 0
163 0 0
164 0 0
165 0 0
166 0 0
167 0 0
168 0 0
169 0 0
170 0 0
171 0 0
172 0 0
173 0 0
174 0 0
175 0 0
176 0 0
177 0 0
178 0 0
179 0 0
180 0 0
181 0 0
182 0 0
183 0 0
184 0 0
185 0 0
186 0 0
187 0 0
188 0 0
189 0 0
190 0 0
191 0 0
192 0 0
193 0 0
194 0 0
195 0 0
196 0 0
197 0 0
198 0 0
199 0 0
200 0 0
201 0 0
202 0 0
203 0 0
204 0 0
205 0 0
206 0 0
207 0 0
208 0 0
209 0 0
210 0 0
211 0 0
212 0 0
213 0 0
214 0 0
215 0 0
216 0 0
217 0 0
218 0 0
219 0 0
220 0 0
221 0 0
222 0 0
223 0 0
224 0 0
225 0 0
226 0 0
227 0 0
228 0 0
229 0 0
230 0 0
231 0 0
232 0 0
233 0 0
234 0 0
235 0 0
236 0 0
237 0 0
238 0 0
239 0 0
240 0 0
241 0 0
242 0 0
243 0 0
244 0 0
245 0 0
246 0 0
247 0 0
248 0 0
249 0 0
250 0 0
251 0 0
252 0 0
253 0 0
254 0 0
255 0 0
256 0 0
257 0 0
258 0 0
259 0 0
260 0 0
261 0 0
262 0 0
263 0 0
264 0 0
265 0 0
266 0 0
267 0 0
268 0 0
269 0 0
270 0 0
271 0 0
272 0 0
273 0 0
274 0 0
275 0 0
276 0 0
277 0 0
278 0 0
279 0 0
280 0 0
281 0 0
282 0 0
283 0 0
284 0 0
285 0 0
286 0 0
287 0 0
288 0 0
289 0 0
290 0 0
291 0 0
292 0 0
293 0 0
294 0 0
295 0 0
296 0 0
297 0 0
298 0 0
299 0 0
300 0 0
301 0 0
302 0 0
303 0 0
304 0 0
305 0 0
306 0 0
307 0 0
308 0 0
309 0 0
310 0 0
311 0 0
312 0 0
313 0 0
314 0 0
315 0 0
316 0 0
317 0 0
318 0 0
319 0 0
320 0 0
321 0 0
322 0 0
323 0 0
324 0 0
325 0 0
326 0 0
327 0 0
328 0 0
329 0 0
330 0 0
331 0 0
332 0 0
333 0 0
334 0 0
335 0 0
336 0 0
337 0 0
338 0 0
339 0 0
340 0 0
341 0 0
342 0 0
343 0 0
344 0 0
345 0 0
346 0 0
347 0 0
348 0 0
349 0 0
350 0 0
351 0 0
352 0 0
353 0 0
354 0 0
355 0 0
356 0 0
357 0 0
358 0 0
359 0 0
360 0 0
361 0 0
362 0 0
363 0 0
364 0 0
365 0 0
366 0 0
367 0 0
368 0 0
369 0 0
370 0 0
371 0 0
372 0 0
373 0 0
374 0 0
375 0 0
376 0 0
377 0 0
378 0 0
379 0 0
380 0 0
381 0 0
382 0 0
383 0 0
384 0 0
385 0 0
386 0 0
387 0 0
388 0 0
389 0 0
390 0 0
391 0 0
392 0 0
393 0 0
394 0 0
395 0 0
396 0 0
397 0 0
398 0 0
399 0 0
400 0 0
401 0 0
402 0 0
403 0 0
404 0 0
405 0 0
406 0 0
407 0 0
408 0 0
409 0 0
410 0 0
411 0 0
412 0 0
413 0 0
414 0 0
415 0 0
416 0 0
417 0 0
418 0 0
419 0 0
420 0 0
421 18 334
422 18 89
423 18 292
424 18 242
425 18 109
426 18 392
427 18 389
428 18 203
429 18 361
430 18 271
431 18 409
432 18 372
433 18 60
434 18 118
435 18 170
436 18 299
437 18 97
438 18 382
439 18 25
440 18 237
441 14 353
442 14 342
443 14 398
444 14 156
445 14 377
446 14 235
447 14 286
448 14 302
449 14 47
450 14 116
451 14 148
452 14 294
453 14 261
454 14 22
455 14 383
456 14 231
457 14 315
458 14 418
459 14 66
460 14 416
461 6 264
462 6 270
463 6 187
464 6 241
465 6 278
466 6 412
467 6 122
468 6 129
469 6 285
470 6 65
471 6 256
472 6 174
473 6 49
474 6 373
475 6 343
476 6 344
477 6 312
478 6 293
479 6 53
480 6 321
481 11 410
482 11 288
483 11 102
484 11 284
485 11 99
486 11 70
487 11 158
488 11 151
489 11 182
490 11 358
491 11 161
492 11 104
493 11 380
494 11 371
495 11 384
496 11 207
497 11 106
498 11 365
499 11 146
500 11 328
501 15 124
502 15 112
503 15 149
504 15 193
505 15 193
506 15 64
507 15 329
508 15 96
509 15 96
510 15 408
511 15 247
512 15 0
513 15 276
514 15 340
515 15 186
516 15 225
517 15 88
518 15 414
519 15 308
520 15 206
521 15 190
522 15 411
523 2 333
524 2 333
525 2 228
526 2 24
527 2 337
528 2 388
529 2 181
530 2 113
531 2 370
532 2 234
533 2 137
534 2 221
535 2 341
536 2 114
537 2 413
538 2 265
539 2 265
540 2 390
541 2 67
542 2 322
543 2 62
544 2 108
545 4 268
546 4 81
547 4 378
548 4 378
549 4 238
550 4 176
551 4 147
552 4 296
553 4 139
554 4 251
555 4 52
556 4 134
557 4 172
558 4 326
559 4 267
560 4 183
561 4 226
562 4 222
563 4 259
564 4 360
565 4 86
566 10 272
567 10 79
568 10 79
569 10 0
570 10 191
571 10 250
572 10 260
573 10 120
574 10 120
575 10 255
576 10 320
577 10 45
578 10 135
579 10 374
580 10 310
581 10 230
582 10 68
583 10 164
584 10 164
585 10 50
586 10 227
587 10 29
588 10 29
589 10 145
590 9 295
591 9 319
592 9 402
593 9 51
594 9 100
595 9 107
596 9 136
597 9 40
598 9 304
599 9 338
600 9 307
601 9 155
602 9 166
603 9 266
604 9 87
605 9 72
606 9 27
607 9 336
608 9 208
609 9 335
610 17 239
611 17 123
612 17 123
613 17 351
614 17 91
615 17 91
616 17 35
617 17 244
618 17 36
619 17 290
620 17 85
621 17 357
622 17 366
623 17 401
624 17 393
625 17 74
626 17 32
627 17 178
628 17 175
629 17 201
630 17 0
631 17 115
632 17 0
633 1 246
634 1 399
635 1 399
636 1 232
637 1 167
638 1 236
639 1 327
640 1 213
641 1 180
642 1 34
643 1 281
644 1 150
645 1 188
646 1 44
647 1 404
648 1 400
649 0 254
650 1 219
651 1 21
652 1 350
653 1 347
654 8 359
655 8 197
656 8 385
657 8 75
658 8 368
659 8 368
660 8 142
661 8 301
662 8 163
663 8 163
664 8 185
665 8 229
666 8 332
667 8 43
668 8 324
669 8 303
670 8 73
671 8 23
672 8 375
673 8 61
674 8 277
675 8 291
676 5 364
677 5 98
678 5 407
679 5 403
680 5 298
681 5 289
682 5 143
683 5 138
684 5 300
685 5 119
686 5 297
687 5 78
688 5 78
689 5 348
690 5 110
691 0 128
692 5 248
693 5 117
694 5 168
695 5 168
696 5 218
697 5 162
698 19 262
699 19 30
700 19 318
701 19 103
702 19 59
703 19 171
704 19 126
705 19 376
706 19 56
707 19 194
708 19 349
709 19 132
710 19 0
711 19 305
712 19 127
713 19 196
714 19 80
715 19 121
716 19 346
717 19 133
718 3 152
719 3 95
720 3 209
721 3 330
722 3 71
723 3 287
724 3 287
725 3 215
726 3 212
727 3 282
728 3 58
729 3 397
730 3 42
731 3 42
732 3 159
733 3 77
734 3 405
735 3 363
736 3 144
737 3 316
738 3 101
739 3 173
740 20 165
741 20 245
742 20 396
743 20 220
744 20 131
745 20 154
746 20 46
747 20 331
748 20 395
749 20 283
750 20 31
751 20 189
752 20 125
753 20 94
754 20 306
755 20 37
756 20 39
757 20 352
758 20 84
759 20 111
760 12 199
761 12 205
762 12 93
763 12 309
764 12 233
765 12 258
766 12 57
767 12 160
768 12 325
769 12 69
770 12 253
771 12 211
772 12 26
773 12 26
774 12 210
775 12 192
776 12 269
777 12 406
778 12 323
779 12 141
780 12 274
781 16 157
782 16 217
783 16 240
784 16 275
785 16 184
786 16 200
787 16 279
788 16 48
789 16 214
790 16 249
791 16 82
792 0 386
793 16 55
794 16 394
795 16 391
796 16 28
797 16 369
798 16 90
799 16 280
800 16 83
801 7 339
802 7 317
803 7 379
804 7 92
805 7 195
806 7 195
807 7 54
808 7 387
809 7 33
810 7 33
811 7 263
812 7 415
813 7 252
814 7 356
815 7 140
816 7 345
817 7 355
818 7 354
819 7 0
820 7 76
821 7 76
822 7 216
823 7 63
824 13 224
825 13 257
826 13 257
827 13 223
828 13 177
829 13 311
830 13 130
831 13 362
832 13 243
833 13 417
834 13 381
835 13 314
836 13 105
837 13 38
838 13 420
839 13 313
840 13 179
841 13 198
842 13 198
843 13 41
844 13 41
845 13 204
846 13 169
847 654 182
848 654 32
849 654 282
850 654 358
851 654 156
852 654 725
853 654 725
854 654 353
855 654 333
856 654 333
857 654 82
858 654 592
859 654 25
860 654 59
861 654 93
862 654 123
863 654 329
864 654 329
865 654 49
866 654 537
867 654 102
868 654 214
869 654 69
870 734 638
871 734 180
872 734 406
873 734 215
874 734 267
875 734 236
876 734 89
877 734 801
878 734 366
879 734 343
880 734 210
881 734 37
882 734 205
883 734 64
884 734 550
885 734 70
886 734 240
887 734 735
888 734 181
889 734 342
890 783 116
891 783 151
892 783 221
893 783 244
894 783 112
895 783 250
896 783 138
897 783 281
898 783 516
899 783 516
900 783 99
901 783 183
902 783 351
903 783 376
904 783 48
905 783 364
906 783 152
907 783 152
908 783 308
909 783 86
910 783 283
911 783 75
912 609 43
913 609 249
914 609 287
915 609 416
916 609 290
917 609 341
918 609 486
919 609 233
920 609 167
921 609 424
922 609 78
923 609 311
924 609 291
925 609 55
926 609 389
927 609 386
928 609 94
929 609 23
930 609 314
931 609 345
932 12 708
933 12 146
934 12 241
935 12 405
936 12 401
937 12 105
938 12 268
939 12 754
940 12 87
941 12 35
942 12 392
943 12 680
944 12 111
945 12 412
946 12 412
947 12 503
948 12 835
949 12 545
950 12 140
951 12 679
952 12 213
953 12 213
954 726 155
955 726 253
956 726 397
957 726 334
958 726 773
959 726 307
960 726 307
961 726 352
962 726 748
963 726 720
964 726 40
965 726 321
966 726 192
967 726 806
968 726 135
969 726 0
970 726 286
971 726 398
972 726 398
973 726 98
974 726 706
975 726 363
976 651 786
977 651 209
978 651 239
979 651 317
980 651 317
981 651 259
982 651 258
983 651 228
984 651 170
985 651 371
986 651 324
987 651 153
988 651 206
989 651 160
990 651 92
991 651 222
992 651 74
993 651 279
994 651 313
995 651 374
996 651 780
997 461 30
998 461 248
999 461 442
1000 461 166
1001 461 420
1002 461 567
1003 461 157
1004 461 273
1005 461 46
1006 461 297
1007 461 379
1008 461 158
1009 461 189
1010 461 60
1011 461 296
1012 461 255
1013 461 142
1014 461 61
1015 461 493
1016 461 570
1017 17 339
1018 17 104
1019 17 372
1020 17 130
1021 17 546
1022 17 39
1023 17 39
1024 17 356
1025 17 369
1026 17 172
1027 17 229
1028 17 260
1029 17 53
1030 17 51
1031 17 504
1032 17 400
1033 17 285
1034 17 169
1035 17 390
1036 17 277
1037 17 403
1038 20 190
1039 20 338
1040 20 594
1041 20 132
1042 20 367
1043 20 318
1044 20 294
1045 20 409
1046 20 614
1047 20 347
1048 20 346
1049 20 207
1050 20 319
1051 20 319
1052 20 721
1053 20 100
1054 20 118
1055 20 128
1056 20 224
1057 20 404
1058 20 344
1059 16 0
1060 16 361
1061 16 361
1062 16 778
1063 16 113
1064 16 110
1065 16 485
1066 16 136
1067 16 301
1068 16 201
1069 16 134
1070 16 134
1071 16 219
1072 16 187
1073 16 289
1074 0 359
1075 16 29
1076 16 451
1077 16 218
1078 16 375
1079 16 175
1080 16 411
1081 13 33
1082 13 33
1083 13 373
1084 13 293
1085 13 257
1086 13 22
1087 13 391
1088 13 336
1089 0 168
1090 13 713
1091 13 419
1092 13 141
1093 13 231
1094 13 743
1095 13 62
1096 13 662
1097 13 644
1098 13 644
1099 13 436
1100 13 691
1101 13 295
1102 13 295
1103 13 331
1104 10 396
1105 10 664
1106 10 473
1107 10 470
1108 10 235
1109 10 144
1110 10 272
1111 10 246
1112 10 198
1113 10 844
1114 10 122
1115 10 640
1116 10 106
1117 10 217
1118 10 394
1119 10 204
1120 10 174
1121 10 234
1122 10 276
1123 10 251
1124 15 799
1125 15 202
1126 15 410
1127 15 264
1128 15 85
1129 15 0
1130 15 741
1131 15 81
1132 15 499
1133 15 245
1134 15 402
1135 15 56
1136 15 354
1137 15 280
1138 15 809
1139 15 649
1140 15 125
1141 15 67
1142 15 179
1143 15 107
1144 8 129
1145 8 414
1146 8 119
1147 8 252
1148 8 620
1149 8 21
1150 8 699
1151 8 178
1152 8 71
1153 8 303
1154 8 415
1155 8 415
1156 8 24
1157 8 145
1158 8 84
1159 8 429
1160 8 26
1161 8 350
1162 8 380
1163 8 117
1164 8 476
1165 747 445
1166 747 212
1167 747 203
1168 747 805
1169 747 225
1170 747 226
1171 747 284
1172 747 377
1173 747 44
1174 747 271
1175 747 271
1176 747 185
1177 747 73
1178 747 184
1179 747 47
1180 747 384
1181 747 384
1182 747 842
1183 747 355
1184 747 299
1185 747 65
1186 747 52
1187 19 362
1188 19 41
1189 19 305
1190 19 72
1191 19 72
1192 19 208
1193 19 387
1194 19 435
1195 19 360
1196 19 444
1197 19 143
1198 19 413
1199 19 532
1200 19 109
1201 19 165
1202 19 302
1203 19 68
1204 19 131
1205 19 517
1206 19 337
1207 19 211
1208 4 292
1209 4 292
1210 4 575
1211 4 38
1212 4 365
1213 4 492
1214 4 194
1215 4 162
1216 4 437
1217 4 199
1218 4 370
1219 4 256
1220 4 126
1221 4 0
1222 4 262
1223 4 120
1224 4 328
1225 4 454
1226 4 263
1227 4 348
1228 4 243
1229 9 357
1230 9 357
1231 9 349
1232 9 66
1233 9 42
1234 9 841
1235 9 278
1236 9 650
1237 9 650
1238 9 382
1239 9 836
1240 9 663
1241 9 254
1242 9 193
1243 9 124
1244 9 407
1245 9 407
1246 9 159
1247 9 220
1248 9 441
1249 9 36
1250 9 139
1251 9 831
1252 6 223
1253 6 223
1254 6 270
1255 6 312
1256 6 80
1257 6 421
1258 6 306
1259 6 590
1260 6 590
1261 6 115
1262 6 427
1263 6 417
1264 6 417
1265 6 103
1266 6 103
1267 6 604
1268 6 381
1269 6 418
1270 6 275
1271 6 275
1272 6 584
1273 6 79
1274 6 495
1275 6 556
1276 6 45
1277 1042 283
1278 1042 213
1279 1042 175
1280 1042 136
1281 1042 895
1282 1042 1002
1283 1042 386
1284 1042 386
1285 1042 26
1286 1042 203
1287 1042 143
1288 1042 364
1289 1042 257
1290 1042 361
1291 1042 1056
1292 1042 592
1293 1042 556
1294 1042 550
1295 1042 841
1296 1042 1235
1297 1042 356
1298 1136 67
1299 1136 260
1300 1136 182
1301 1136 858
1302 1136 858
1303 1136 410
1304 1136 1083
1305 1136 284
1306 1136 400
1307 1136 141
1308 1136 146
1309 1136 23
1310 1136 713
1311 1136 25
1312 1136 662
1313 1136 40
1314 1136 206
1315 1136 32
1316 1136 691
1317 1136 1274
1318 1136 1053
1319 726 1216
1320 726 101
1321 726 436
1322 726 721
1323 726 259
1324 726 339
1325 726 102
1326 726 0
1327 726 1043
1328 726 532
1329 726 84
1330 726 306
1331 726 1059
1332 726 1268
1333 726 537
1334 726 223
1335 726 1032
1336 726 1032
1337 726 64
1338 726 359
1339 726 199
1340 918 831
1341 918 346
1342 918 371
1343 918 735
1344 918 392
1345 918 71
1346 918 413
1347 918 699
1348 918 1112
1349 918 152
1350 918 125
1351 918 55
1352 918 55
1353 918 22
1354 918 495
1355 918 405
1356 918 162
1357 918 290
1358 918 317
1359 918 45
1360 918 56
1361 4 416
1362 4 167
1363 4 256
1364 4 404
1365 4 435
1366 4 82
1367 4 801
1368 4 1011
1369 4 1011
1370 4 291
1371 4 314
1372 4 1025
1373 4 379
1374 4 389
1375 4 202
1376 4 250
1377 4 441
1378 4 99
1379 4 132
1380 4 987
1381 4 180
1382 1238 927
1383 1238 179
1384 1238 638
1385 1238 945
1386 1238 968
1387 1238 614
1388 1238 1010
1389 1238 198
1390 1238 178
1391 1238 649
1392 1238 567
1393 1238 421
1394 1238 986
1395 1238 1276
1396 1238 372
1397 1238 999
1398 1238 650
1399 1238 170
1400 1238 214
1401 1238 403
1402 974 68
1403 974 516
1404 974 49
1405 974 517
1406 974 297
1407 974 384
1408 974 384
1409 974 129
1410 974 546
1411 974 492
1412 974 174
1413 974 48
1414 974 48
1415 974 879
1416 974 370
1417 974 1221
1418 974 44
1419 974 415
1420 974 46
1421 974 594
1422 974 353
1423 974 363
1424 20 319
1425 20 376
1426 20 93
1427 20 1080
1428 20 381
1429 20 835
1430 20 1096
1431 20 212
1432 20 377
1433 20 324
1434 20 842
1435 20 842
1436 20 725
1437 20 922
1438 20 396
1439 20 165
1440 20 112
1441 20 867
1442 20 859
1443 20 296
1444 20 35
1445 747 124
1446 747 303
1447 747 994
1448 747 292
1449 747 485
1450 747 62
1451 747 1109
1452 747 1144
1453 747 878
1454 747 53
1455 747 664
1456 747 205
1457 747 285
1458 747 354
1459 747 967
1460 747 210
1461 747 116
1462 747 644
1463 747 262
1464 747 373
1465 461 499
1466 461 126
1467 461 786
1468 461 357
1469 461 445
1470 461 708
1471 461 706
1472 461 69
1473 461 43
1474 461 406
1475 461 343
1476 461 1145
1477 461 420
1478 461 104
1479 461 111
1480 461 1022
1481 461 1022
1482 461 331
1483 461 331
1484 461 873
1485 461 1202
1486 461 36
1487 1117 42
1488 1117 1186
1489 1117 1116
1490 1117 248
1491 1117 154
1492 1117 1236
1493 1117 375
1494 1117 80
1495 1117 1027
1496 1117 1137
1497 1117 341
1498 1117 321
1499 1117 144
1500 1117 221
1501 1117 117
1502 1117 30
1503 1117 30
1504 1117 486
1505 1117 135
1506 1117 476
1507 1117 246
1508 8 1113
1509 8 52
1510 8 950
1511 8 473
1512 8 100
1513 8 1168
1514 8 1130
1515 8 51
1516 8 51
1517 8 184
1518 8 640
1519 8 409
1520 8 493
1521 8 73
1522 8 1201
1523 8 139
1524 8 271
1525 8 958
1526 8 958
1527 8 978
1528 8 118
1529 8 122
1530 783 273
1531 783 226
1532 0 351
1533 783 351
1534 783 799
1535 783 427
1536 783 204
1537 783 240
1538 783 741
1539 783 217
1540 783 245
1541 0 419
1542 783 251
1543 783 185
1544 783 89
1545 783 347
1546 783 87
1547 783 982
1548 783 41
1549 0 305
1550 783 105
1551 609 1270
1552 609 454
1553 609 169
1554 609 293
1555 609 424
1556 609 79
1557 609 871
1558 609 380
1559 609 201
1560 609 545
1561 609 211
1562 609 333
1563 609 70
1564 609 1200
1565 609 1041
1566 609 1029
1567 609 110
1568 609 21
1569 609 192
1570 609 1177
1571 654 183
1572 654 844
1573 654 86
1574 654 267
1575 654 1209
1576 654 103
1577 654 103
1578 654 365
1579 654 281
1580 654 401
1581 654 1026
1582 654 663
1583 654 680
1584 654 1251
1585 654 604
1586 654 374
1587 654 720
1588 654 209
1589 654 1139
1590 654 263
1591 654 193
1592 651 157
1593 651 344
1594 651 344
1595 651 138
1596 651 159
1597 651 128
1598 651 1125
1599 651 249
1600 0 444
1601 651 679
1602 651 470
1603 651 342
1604 651 748
1605 651 504
1606 651 504
1607 651 234
1608 651 1173
1609 651 61
1610 651 286
1611 651 98
1612 651 1159
1613 651 985
1614 0 29
1615 1018 946
1616 1018 355
1617 1018 131
1618 1018 1261
1619 1018 402
1620 1018 754
1621 1018 59
1622 1018 780
1623 1018 1033
1624 1018 215
1625 1018 394
1626 1018 123
1627 1018 123
1628 1018 276
1629 1018 417
1630 1018 570
1631 1018 268
1632 1018 208
1633 1018 155
1634 1018 575
1635 874 411
1636 874 166
1637 874 620
1638 874 65
1639 874 442
1640 874 864
1641 874 1100
1642 874 194
1643 874 1047
1644 874 345
1645 874 883
1646 874 336
1647 874 236
1648 874 1009
1649 874 241
1650 874 437
1651 874 418
1652 874 778
1653 874 145
1654 874 160
1655 734 302
1656 734 352
1657 734 156
1658 734 272
1659 734 66
1660 734 503
1661 0 1161
1662 734 115
1663 734 743
1664 734 1005
1665 734 295
1666 734 299
1667 734 92
1668 734 809
1669 734 773
1670 734 109
1671 734 584
1672 734 930
1673 734 930
1674 734 328
1675 734 218
1676 16 277
1677 16 1244
1678 16 805
1679 16 451
1680 16 225
1681 16 181
1682 16 590
1683 16 113
1684 16 390
1685 16 294
1686 16 836
1687 16 349
1688 16 349
1689 16 1197
1690 16 172
1691 16 429
1692 16 806
1693 16 75
1694 16 387
1695 16 362
1696 16 142
1697 1238 967
1698 1238 1466
1699 1238 1552
1700 1238 1244
1701 1238 805
1702 1238 59
1703 1238 584
1704 1238 978
1705 1238 241
1706 1238 167
1707 1238 1236
1708 1238 1358
1709 1238 324
1710 1238 131
1711 1238 1161
1712 1238 390
1713 1238 390
1714 1238 445
1715 1238 537
1716 1238 620
1717 1238 61
1718 1521 1186
1719 1521 285
1720 1521 363
1721 1521 138
1722 1521 1618
1723 1521 1109
1724 1521 166
1725 1521 1027
1726 1521 291
1727 1521 735
1728 1521 248
1729 1521 982
1730 1521 48
1731 1521 680
1732 1521 1033
1733 1521 950
1734 1521 470
1735 1521 1305
1736 0 1332
1737 1521 1029
1738 1326 123
1739 1326 748
1740 1326 570
1741 1326 968
1742 1326 1489
1743 1326 341
1744 1326 1235
1745 1326 1597
1746 1326 44
1747 1326 835
1748 1326 743
1749 1326 743
1750 1326 873
1751 1326 1197
1752 1326 495
1753 1326 1221
1754 1326 799
1755 1326 98
1756 1326 421
1757 1326 1022
1758 1326 126
1759 1625 644
1760 1625 987
1761 1625 1464
1762 1625 1493
1763 1625 40
1764 1625 663
1765 1625 211
1766 1625 879
1767 1625 725
1768 1625 1458
1769 1625 103
1770 1625 650
1771 1625 985
1772 1625 205
1773 1625 118
1774 1625 1297
1775 1625 946
1776 1625 575
1777 1625 1595
1778 1625 359
1779 783 93
1780 783 364
1781 783 405
1782 783 1159
1783 783 1116
1784 783 556
1785 783 30
1786 783 30
1787 783 417
1788 783 293
1789 783 1333
1790 783 1457
1791 783 302
1792 783 878
1793 783 111
1794 783 1670
1795 783 841
1796 783 1428
1797 783 1173
1798 783 157
1799 783 379
1800 609 1144
1801 609 128
1802 609 1005
1803 609 485
1804 609 773
1805 609 92
1806 609 375
1807 609 345
1808 609 604
1809 609 809
1810 609 181
1811 609 70
1812 609 842
1813 609 1047
1814 609 406
1815 609 187
1816 609 105
1817 609 1600
1818 609 75
1819 609 945
1820 874 741
1821 874 139
1822 874 283
1823 874 1137
1824 874 1100
1825 874 1364
1826 874 1671
1827 874 499
1828 874 1177
1829 874 1177
1830 874 172
1831 874 454
1832 874 1202
1833 874 115
1834 874 504
1835 874 225
1836 874 292
1837 874 373
1838 874 713
1839 874 45
1840 874 444
1841 1018 836
1842 1018 276
1843 1018 1056
1844 1018 1648
1845 1018 664
1846 1018 104
1847 1018 1025
1848 1018 858
1849 1018 0
1850 1018 0
1851 1018 1638
1852 1018 442
1853 1018 354
1854 1018 317
1855 1018 0
1856 1018 1405
1857 1018 801
1858 1018 1605
1859 1018 1274
1860 1018 1289
1861 1117 182
1862 1117 721
1863 1117 0
1864 1117 415
1865 1117 1498
1866 1117 486
1867 1117 1666
1868 1117 79
1869 1117 927
1870 1117 1145
1871 1117 1551
1872 1117 1080
1873 1117 199
1874 1117 203
1875 1117 409
1876 1117 1113
1877 1117 25
1878 1117 82
1879 1117 112
1880 1117 23
1881 918 424
1882 918 503
1883 918 100
1884 918 418
1885 918 1168
1886 918 396
1887 918 786
1888 918 930
1889 918 435
1890 918 1059
1891 918 1059
1892 918 361
1893 918 361
1894 918 1276
1895 918 1200
1896 918 52
1897 918 67
1898 918 638
1899 918 1032
1900 918 1251
1901 918 1125
1902 918 246
1903 1644 1474
1904 1644 1681
1905 1644 691
1906 1644 1201
1907 1644 178
1908 1644 69
1909 1644 720
1910 1644 217
1911 1644 352
1912 1644 154
1913 1644 1640
1914 1644 331
1915 1644 160
1916 0 699
1917 1644 73
1918 1644 986
1919 1644 1528
1920 1644 1511
1921 1644 55
1922 1644 209
1923 1365 1572
1924 1365 895
1925 1365 492
1926 1365 240
1927 1365 844
1928 1365 1563
1929 1365 226
1930 1365 26
1931 1365 754
1932 1365 754
1933 1365 649
1934 1365 1662
1935 1365 389
1936 1365 29
1937 1365 152
1938 1365 780
1939 1365 493
1940 1365 1452
1941 1365 473
1942 1365 1657
1943 1365 1657
1944 1365 183
1945 1606 1478
1946 1606 116
1947 1606 1216
1948 1606 262
1949 1606 1590
1950 1606 441
1951 1606 49
1952 1606 374
1953 1606 994
1954 1606 273
1955 1606 290
1956 1606 343
1957 1606 236
1958 1606 871
1959 1606 86
1960 1606 386
1961 1606 257
1962 1606 1294
1963 1606 1483
1964 1606 1592
1965 1427 141
1966 1427 353
1967 1427 286
1968 1427 614
1969 1427 0
1970 1427 281
1971 1427 1324
1972 1427 351
1973 1427 272
1974 1427 145
1975 1427 403
1976 1427 403
1977 1427 437
1978 1427 404
1979 1427 1321
1980 1427 1321
1981 1427 859
1982 1427 436
1983 1427 1112
1984 1427 1539
1985 1427 662
1986 1427 1422
1987 974 110
1988 974 1630
1989 974 958
1990 974 365
1991 974 21
1992 974 419
1993 974 545
1994 974 1268
1995 974 1550
1996 974 1584
1997 974 1041
1998 974 592
1999 974 1400
2000 974 778
2001 974 180
2002 974 215
2003 974 142
2004 974 1455
2005 974 411
2006 974 550
2007 1042 517
2008 1042 377
2009 1042 377
2010 1042 101
2011 1042 299
2012 1042 679
2013 1042 35
2014 1042 267
2015 1042 516
2016 1042 1338
2017 1042 867
2018 1042 1470
2019 1042 1139
2020 1042 532
2021 1042 1053
2022 1042 221
2023 1042 1553
2024 1042 706
2025 1042 1413
2026 1042 922
2027 1042 1676
2028 734 883
2029 734 1518
2030 734 427
2031 734 546
2032 734 1503
2033 734 640
2034 734 303
2035 734 1336
2036 734 1479
2037 734 349
2038 734 251
2039 734 1270
2040 734 708
2041 734 1636
2042 734 831
2043 734 1391
2044 734 1002
2045 734 117
2046 734 594
2047 734 1459
2048 1136 381
2049 1136 169
2050 1136 1043
2051 1136 1009
2052 1136 1010
2053 1136 1363
2054 1136 806
2055 1136 122
2056 1136 999
2057 1136 999
2058 1136 429
2059 1136 1337
2060 1136 1026
2061 1136 89
2062 1136 305
2063 1136 66
2064 1136 1130
2065 1136 1530
2066 1136 210
2067 1136 296
2068 1136 56
2069 747 284
2070 747 372
2071 747 1301
2072 747 113
2073 747 1690
2074 747 193
2075 747 202
2076 747 202
2077 747 864
2078 747 1547
2079 747 80
2080 747 80
2081 747 1096
2082 747 1507
2083 747 64
2084 747 102
2085 747 1083
2086 747 451
2087 747 297
2088 747 590
2089 0 179
2090 747 1380
2091 747 1380
2092 1436 1495
2093 1436 306
2094 1436 1261
2095 1436 1481
2096 1436 165
2097 1436 1379
2098 1436 314
2099 1436 1376
2100 1436 392
2101 1436 371
2102 1436 194
2103 1436 234
2104 1436 344
2105 1436 567
2106 1436 476
2107 1436 380
2108 1436 380
2109 1436 1011
2110 1436 1209
2111 1436 1408
2112 1436 162
2113 1698 1572
2114 1698 299
2115 1698 1964
2116 1698 100
2117 1698 1301
2118 1698 424
2119 1698 721
2120 1698 476
2121 1698 1268
2122 1698 1168
2123 1698 550
2124 1698 994
2125 1698 141
2126 1698 743
2127 1698 1861
2128 1698 1972
2129 1698 380
2130 1698 1116
2131 1698 1530
2132 1698 879
2133 1606 1754
2134 1606 503
2135 1606 1459
2136 1606 442
2137 1606 999
2138 1606 999
2139 1606 112
2140 1606 1324
2141 1606 209
2142 1606 699
2143 1606 1757
2144 1606 0
2145 1606 30
2146 1606 1173
2147 1606 1053
2148 1606 516
2149 1606 1681
2150 1606 251
2151 1606 2077
2152 1606 284
2153 1606 1391
2154 1709 594
2155 1709 349
2156 1709 967
2157 1709 504
2158 1709 2006
2159 1709 987
2160 1709 1413
2161 1709 1413
2162 1709 1113
2163 1709 679
2164 1709 1503
2165 1709 1528
2166 1709 570
2167 1709 437
2168 1709 435
2169 1709 2052
2170 1709 45
2171 1709 1041
2172 1709 841
2173 1709 1648
2174 1709 1584
2175 2022 365
2176 2022 381
2177 2022 1975
2178 2022 285
2179 2022 386
2180 2022 386
2181 2022 532
2182 2022 69
2183 2022 1197
2184 2022 1784
2185 2022 1297
2186 2022 267
2187 2022 306
2188 2022 1251
2189 2022 986
2190 2022 986
2191 2022 1588
2192 2022 49
2193 2022 1209
2194 2022 706
2195 2022 706
2196 2022 1032
2197 2022 1032
2198 2022 421
2199 1326 1935
2200 1326 1201
2201 1326 406
2202 1326 1422
2203 1326 1481
2204 1326 1332
2205 1326 859
2206 1326 809
2207 1326 1495
2208 1326 40
2209 1326 1752
2210 1326 485
2211 1326 1202
2212 1326 314
2213 1326 1676
2214 1326 451
2215 1326 1305
2216 1326 427
2217 1326 111
2218 1326 950
2219 1117 1707
2220 1117 1775
2221 1117 1595
2222 1117 103
2223 1117 1845
2224 1117 0
2225 1117 1096
2226 1117 2112
2227 1117 493
2228 1117 836
2229 1117 836
2230 1117 1428
2231 1117 404
2232 1117 143
2233 1117 143
2234 1117 567
2235 1117 1764
2236 1117 492
2237 1117 492
2238 1117 1186
2239 1117 1547
2240 1117 1338
2241 1117 1701
2242 1625 372
2243 1625 1483
2244 1625 226
2245 1625 183
2246 1625 1005
2247 1625 1729
2248 1625 1788
2249 1625 620
2250 1625 720
2251 1625 1605
2252 1625 2036
2253 1625 1405
2254 1625 748
2255 1625 1645
2256 1625 1840
2257 1625 392
2258 1625 1457
2259 1625 1498
2260 1625 1804
2261 1625 663
2262 1365 181
2263 0 181
2264 1365 1145
2265 1365 831
2266 1365 1010
2267 1365 286
2268 1365 257
2269 1365 257
2270 1365 70
2271 1365 1294
2272 1365 1333
2273 1365 1458
2274 1365 1364
2275 1365 1984
2276 1365 1550
2277 1365 1712
2278 1365 236
2279 1365 2111
2280 1365 262
2281 1365 1630
2282 1365 2008
2283 1365 344
2284 1427 0
2285 1427 982
2286 1427 713
2287 1427 708
2288 1427 1864
2289 1427 1958
2290 1427 1958
2291 1427 138
2292 1427 662
2293 1427 725
2294 1427 895
2295 1427 650
2296 1427 281
2297 1427 1047
2298 1427 1592
2299 1427 123
2300 1427 575
2301 1427 1666
2302 1427 1221
2303 1427 1969
2304 1427 1130
2305 1644 930
2306 1644 930
2307 1644 61
2308 1644 1835
2309 1644 1843
2310 1644 1924
2311 1644 1924
2312 1644 1916
2313 1644 1100
2314 1644 187
2315 1644 187
2316 1644 592
2317 1644 545
2318 1644 545
2319 1644 1563
2320 1644 640
2321 1644 1026
2322 1644 1125
2323 1644 1363
2324 1644 1813
2325 1644 978
2326 1644 1657
2327 0 1029
2328 1644 1600
2329 0 1662
2330 1837 546
2331 1837 1965
2332 1837 1708
2333 1837 1618
2334 1837 773
2335 1837 1144
2336 1837 246
2337 1837 1489
2338 1837 454
2339 1837 248
2340 1837 735
2341 1837 331
2342 1837 1408
2343 1837 1408
2344 1837 2047
2345 1837 1022
2346 1837 194
2347 1837 1109
2348 1837 1025
2349 1837 1727
2350 1521 1080
2351 1521 495
2352 1521 1009
2353 1521 2091
2354 1521 1895
2355 1521 1539
2356 1521 842
2357 1521 1466
2358 1521 985
2359 1521 1137
2360 1521 1161
2361 1521 1161
2362 1521 1753
2363 1521 517
2364 1521 864
2365 1521 780
2366 1521 217
2367 1521 1638
2368 1521 1551
2369 1521 199
2370 1521 215
2371 1937 1963
2372 1937 1002
2373 1937 64
2374 1937 1493
2375 1937 1470
2376 1937 945
2377 1937 352
2378 1937 21
2379 1937 1597
2380 1937 1511
2381 1937 1671
2382 1937 1780
2383 1937 1871
2384 1937 1474
2385 1937 1321
2386 1937 2011
2387 1937 1380
2388 1937 1636
2389 0 444
2390 1937 2003
2391 1042 754
2392 1042 1479
2393 1042 1925
2394 1042 35
2395 1042 1833
2396 1042 1033
2397 1042 873
2398 1042 556
2399 1042 1939
2400 1042 283
2401 1042 1690
2402 1042 801
2403 1042 1739
2404 1042 1739
2405 1042 1507
2406 1042 883
2407 1042 883
2408 1042 1464
2409 1042 1791
2410 1042 210
2411 1042 1379
2412 1042 1553
2413 1436 638
2414 1436 1112
2415 1436 2092
2416 1436 1244
2417 1436 1968
2418 1436 1801
2419 1436 1763
2420 1436 486
2421 1436 1400
2422 1436 172
2423 1436 1455
2424 1436 1358
2425 1436 1177
2426 1436 131
2427 1436 1027
2428 1436 234
2429 1436 345
2430 1436 946
2431 1436 1979
2432 1436 2042
2433 974 2108
2434 974 1056
2435 974 55
2436 974 436
2437 974 1159
2438 974 445
2439 974 1777
2440 974 1235
2441 974 806
2442 974 390
2443 974 1982
2444 974 0
2445 974 1011
2446 974 1672
2447 974 1274
2448 974 1274
2449 974 1744
2450 974 1640
2451 974 604
2452 974 104
2453 974 354
2454 1136 805
2455 1136 786
2456 1136 871
2457 1136 871
2458 1136 537
2459 1136 1670
2460 1136 691
2461 1136 441
2462 1136 441
2463 1136 375
2464 1136 1920
2465 1136 499
2466 1136 1216
2467 1136 590
2468 1136 169
2469 1136 778
2470 1136 1139
2471 1136 1715
2472 1136 75
2473 1136 1552
2474 1136 1270
2475 1136 152
2476 1970 680
2477 1970 115
2478 1970 473
2479 1970 927
2480 1970 664
2481 1970 29
2482 1970 2013
2483 1970 110
2484 1970 1478
2485 1970 157
2486 1970 649
2487 1970 1452
2488 1970 1919
2489 1970 2048
2490 1970 867
2491 1970 1043
2492 1970 968
2493 1970 1289
2494 1970 1855
2495 1970 1083
2496 1790 799
2497 1790 858
2498 1790 1842
2499 1790 1336
2500 1790 1890
2501 1790 1200
2502 1790 1778
2503 1790 741
2504 1790 470
2505 1790 470
2506 1790 958
2507 1790 1276
2508 1790 878
2509 1790 922
2510 1790 396
2511 1790 844
2512 1790 835
2513 1790 1773
2514 1790 1936
2515 1790 1877
2516 1790 1832
2517 1953 429
2518 1953 1236
2519 1953 1236
2520 1953 2028
2521 1953 211
2522 1953 1518
2523 1953 364
2524 1953 167
2525 1953 644
2526 1953 2080
2527 1953 1767
2528 1953 2045
2529 1953 1337
2530 1953 1059
2531 1953 1706
2532 1953 353
2533 1953 1376
2534 1953 302
2535 1953 614
2536 1953 59
2537 1953 1261
2538 1698 1551
2539 1698 1261
2540 1698 831
2541 1698 1047
2542 1698 2497
2543 1698 2246
2544 1698 504
2545 1698 2530
2546 1698 1552
2547 1698 725
2548 1698 1002
2549 1698 503
2550 1698 1842
2551 1698 1518
2552 1698 1109
2553 1698 721
2554 1698 1701
2555 1698 927
2556 1698 2157
2557 1698 2417
2558 2317 1727
2559 2317 2260
2560 2317 1597
2561 2317 1301
2562 2317 1498
2563 2317 1919
2564 2317 1706
2565 2317 2323
2566 2317 1408
2567 2317 1982
2568 2317 1458
2569 2317 1495
2570 2317 1270
2571 2317 421
2572 2317 946
2573 2317 570
2574 2317 1939
2575 2317 748
2576 2317 1553
2577 2317 1539
2578 1709 664
2579 1709 1640
2580 1709 451
2581 1709 2421
2582 1709 1590
2583 1709 1788
2584 1709 1788
2585 0 2262
2586 1709 1963
2587 1709 1963
2588 1709 1645
2589 1709 1605
2590 1709 1662
2591 1709 1159
2592 1709 945
2593 1709 2412
2594 1709 1744
2595 1709 2528
2596 1709 2528
2597 1709 958
2598 1709 1712
2599 1709 441
2600 1709 1670
2601 1625 778
2602 1625 1924
2603 1625 444
2604 1625 517
2605 1625 1936
2606 1625 2426
2607 1625 2162
2608 1625 841
2609 1625 1729
2610 1625 1405
2611 1625 1775
2612 1625 1363
2613 1625 835
2614 1625 799
2615 1625 0
2616 1625 640
2617 1625 1708
2618 1625 708
2619 1625 1984
2620 1625 663
2621 2264 2523
2622 2264 1413
2623 2264 436
2624 2264 1459
2625 2264 2343
2626 2264 859
2627 2264 2036
2628 2264 1763
2629 2264 0
2630 2264 1400
2631 2264 680
2632 2264 2487
2633 2264 1777
2634 2264 806
2635 2264 1657
2636 2264 590
2637 2264 1965
2638 2264 1965
2639 2264 2120
2640 2264 2006
2641 2264 1422
2642 2297 442
2643 2297 1294
2644 2297 2490
2645 2297 2092
2646 2297 2150
2647 2297 1474
2648 2297 1483
2649 2297 987
2650 2297 604
2651 2297 2265
2652 2297 2378
2653 2297 0
2654 2297 1925
2655 2297 805
2656 2297 1791
2657 2297 1489
2658 2297 2132
2659 2297 922
2660 2297 1305
2661 2297 1778
2662 1970 1503
2663 1970 1843
2664 1970 706
2665 1970 930
2666 1970 1530
2667 1970 2013
2668 1970 537
2669 1970 1975
2670 1970 1274
2671 1970 1672
2672 1970 470
2673 1970 691
2674 1970 1584
2675 1970 2348
2676 1970 1833
2677 1970 2284
2678 1970 2215
2679 1970 720
2680 1970 1739
2681 1970 1895
2682 2335 2255
2683 2335 2442
2684 2335 2442
2685 2335 1161
2686 2335 1033
2687 2335 2123
2688 2335 1835
2689 2335 2225
2690 2335 1479
2691 2335 2194
2692 2335 2372
2693 2335 1666
2694 2335 867
2695 2335 638
2696 2335 638
2697 2335 0
2698 2335 1638
2699 2335 1216
2700 2335 1773
2701 2335 1832
2702 2335 1364
2703 2335 1845
2704 1937 1336
2705 1937 858
2706 1937 1056
2707 1937 1958
2708 1937 1600
2709 1937 2112
2710 1937 2052
2711 1937 1780
2712 1937 801
2713 1937 1321
2714 1937 1333
2715 1937 1251
2716 1937 1083
2717 1937 550
2718 1937 2506
2719 1937 2293
2720 1937 650
2721 1937 546
2722 1937 1470
2723 1937 424
2724 1837 1112
2725 1837 1452
2726 1837 2381
2727 1837 2381
2728 1837 2519
2729 1837 2131
2730 1837 842
2731 1837 735
2732 1837 2368
2733 1837 2368
2734 1837 2077
2735 1837 2008
2736 1837 2008
2737 1837 871
2738 1837 486
2739 1837 2354
2740 0 878
2741 1837 492
2742 1837 1547
2743 1837 2410
2744 1837 2298
2745 1837 1707
2746 1837 879
2747 2329 516
2748 2329 1010
2749 2329 786
2750 2329 1840
2751 2329 1840
2752 2329 2537
2753 2329 1137
2754 2329 1177
2755 2329 1324
2756 2329 1139
2757 2329 2091
2758 2329 2121
2759 2329 2121
2760 2329 2045
2761 2329 1636
2762 2329 1648
2763 2329 2359
2764 2329 1916
2765 2329 1507
2766 2329 1764
2767 2329 2178
2768 2329 2212
2769 1790 1528
2770 1790 1268
2771 1790 2478
2772 1790 1145
2773 1790 2111
2774 1790 1757
2775 1790 2080
2776 1790 2080
2777 1790 620
2778 1790 1630
2779 1790 644
2780 1790 1041
2781 1790 2446
2782 1790 473
2783 1790 1890
2784 1790 2462
2785 1790 2406
2786 1790 2296
2787 1790 1144
2788 1790 2169
2789 1790 1337
2790 2307 1297
2791 2307 1481
2792 2307 1032
2793 2307 1221
2794 2307 493
2795 2307 1455
2796 2307 662
2797 2307 1671
2798 2307 2292
2799 2307 1935
2800 2307 499
2801 2307 741
2802 2307 1855
2803 2307 1096
2804 2307 1027
2805 2307 2222
2806 2307 1466
2807 2307 982
2808 2307 2407
2809 2307 1029
2810 1436 1011
2811 1436 743
2812 1436 1201
2813 1436 1864
2814 1436 2250
2815 1436 1592
2816 1436 1690
2817 1436 1964
2818 1436 1752
2819 1436 895
2820 1436 1059
2821 1436 1379
2822 1436 873
2823 1436 1186
2824 1436 713
2825 1436 950
2826 1436 1920
2827 1436 2334
2828 1436 1428
2829 1436 2314
2830 2022 2281
2831 2022 1563
2832 2022 1563
2833 2022 2433
2834 2022 2237
2835 2022 1005
2836 0 1676
2837 2022 2003
2838 2022 967
2839 2022 556
2840 2022 1113
2841 2022 1877
2842 2022 1681
2843 2022 2517
2844 2022 2180
2845 2022 699
2846 2022 986
2847 2022 1197
2848 2022 2400
2849 2022 1478
2850 2022 1236
2851 1644 844
2852 0 844
2853 1644 545
2854 1644 454
2855 1644 1464
2856 1644 2524
2857 1644 1025
2858 1644 836
2859 1644 1861
2860 1644 1861
2861 1644 584
2862 1644 2464
2863 1644 1715
2864 1644 1043
2865 1644 864
2866 1644 1376
2867 1644 1100
2868 1644 1572
2869 1644 1550
2870 1644 2011
2871 1644 999
2872 1644 495
2873 2135 592
2874 2135 1209
2875 2135 1358
2876 2135 994
2877 2135 2145
2878 2135 2145
2879 2135 1871
2880 2135 2486
2881 2135 485
2882 2135 2256
2883 2135 883
2884 2135 2360
2885 2135 2248
2886 2135 614
2887 2135 476
2888 2135 2448
2889 2135 978
2890 2135 1380
2891 2135 679
2892 2135 2128
2893 2135 2349
2894 1953 1053
2895 1953 1754
2896 1953 649
2897 1953 594
2898 1953 429
2899 1953 1972
2900 1953 1595
2901 1953 2028
2902 1953 1753
2903 1953 1332
2904 1953 2047
2905 1953 2130
2906 1953 1804
2907 1953 1168
2908 1953 1289
2909 1953 1289
2910 1953 437
2911 1953 427
2912 1953 1588
2913 1953 1022
2914 1953 1244
2915 1427 1200
2916 1427 1080
2917 1427 985
2918 1427 2397
2919 1427 1457
2920 1427 445
2921 1427 532
2922 1427 435
2923 1427 1235
2924 1427 1968
2925 1427 1968
2926 1427 2042
2927 1427 754
2928 1427 2108
2929 1427 2429
2930 1427 1969
2931 1427 0
2932 1427 1801
2933 1427 1618
2934 1427 1511
2935 1427 1125
2936 2290 1026
2937 2290 1202
2938 2290 1813
2939 2290 1130
2940 2290 968
2941 2290 1173
2942 2290 1276
2943 2290 1979
2944 2290 2143
2945 2290 1338
2946 2290 575
2947 2290 1009
2948 2290 780
2949 2290 1767
2950 2290 1391
2951 2290 567
2952 2290 773
2953 2290 1784
2954 2290 1493
2955 2290 2411
2956 2746 2045
2957 2746 1321
2958 2746 1483
2959 2746 2748
2960 2746 2879
2961 2746 950
2962 2746 1670
2963 2746 0
2964 2746 2412
2965 2746 1479
2966 2746 1297
2967 2746 2674
2968 2746 1518
2969 2746 1173
2970 2746 1657
2971 2746 1801
2972 2746 1715
2973 2746 2120
2974 2746 1002
2975 2746 883
2976 2543 2547
2977 2543 2815
2978 2543 1466
2979 2543 1539
2980 2543 1539
2981 2543 1791
2982 2543 1379
2983 2543 2042
2984 2543 2858
2985 2543 2132
2986 2543 2421
2987 2543 2719
2988 2543 1481
2989 2543 2397
2990 2543 1080
2991 2543 2769
2992 2543 2575
2993 2543 2575
2994 2543 1752
2995 2543 1029
2996 2543 2157
2997 2543 967
2998 2947 2194
2999 2947 1767
3000 2947 1662
3001 2947 1920
3002 2947 1495
3003 2947 1777
3004 2947 2360
3005 2947 2506
3006 2947 985
3007 2947 1010
3008 2947 1294
3009 2947 2523
3010 2947 2584
3011 2947 2612
3012 2947 1324
3013 2947 1276
3014 2947 1842
3015 2947 2544
3016 2947 2052
3017 2947 2892
3018 2135 1391
3019 2135 1022
3020 2135 878
3021 2135 2605
3022 2135 1083
3023 2135 2724
3024 2135 0
3025 2135 1464
3026 2135 2092
3027 2135 2261
3028 2135 2261
3029 2135 2821
3030 2135 1197
3031 2135 946
3032 2135 1963
3033 2135 2604
3034 2135 2945
3035 2135 2123
3036 2135 2178
3037 2135 2121
3038 2135 1780
3039 2764 2869
3040 2764 871
3041 2764 2797
3042 2764 1550
3043 2764 2566
3044 2764 1833
3045 2764 1033
3046 2764 2576
3047 2764 986
3048 2764 2907
3049 2764 2924
3050 2764 2663
3051 2764 2255
3052 2764 2813
3053 2764 1511
3054 2764 1301
3055 2764 1025
3056 2764 1025
3057 2764 2293
3058 2764 1474
3059 2764 2519
3060 2329 1528
3061 2329 1939
3062 2329 1332
3063 2329 2410
3064 2329 2036
3065 2329 1336
3066 2329 1145
3067 2329 1690
3068 2329 1690
3069 2329 2108
3070 2329 2946
3071 2329 1706
3072 2329 2926
3073 2329 2008
3074 2329 994
3075 0 2701
3076 2329 1563
3077 2329 2720
3078 2329 987
3079 2329 2406
3080 2329 1871
3081 2264 2708
3082 2264 2708
3083 2264 2011
3084 2264 2687
3085 2264 2844
3086 2264 1572
3087 2264 2130
3088 2264 2150
3089 2264 2080
3090 2264 2091
3091 2264 1551
3092 2264 1137
3093 2264 2248
3094 2264 2446
3095 2264 2446
3096 2264 2381
3097 2264 1754
3098 2264 1493
3099 2264 2838
3100 2264 2359
3101 2264 864
3102 2264 2812
3103 2264 2812
3104 1937 2028
3105 1937 2478
3106 1937 1459
3107 1937 2225
3108 1937 2616
3109 1937 2839
3110 1937 1707
3111 1937 1144
3112 1937 1498
3113 1937 2003
3114 1937 2003
3115 1937 2763
3116 1937 2426
3117 1937 1109
3118 0 2666
3119 1937 1168
3120 1937 2906
3121 1937 1011
3122 1937 1337
3123 1937 2372
3124 1937 1935
3125 1937 1935
3126 2915 1845
3127 2915 1595
3128 2915 1009
3129 2915 2131
3130 2915 2131
3131 2915 2904
3132 2915 1804
3133 2915 1333
3134 2915 1503
3135 2915 1924
3136 2915 2246
3137 2915 1832
3138 2915 1775
3139 2915 1640
3140 2915 1113
3141 2915 1113
3142 2915 2462
3143 2915 2807
3144 2915 1116
3145 2915 2048
3146 2915 2407
3147 2915 999
3148 2915 999
3149 2307 2262
3150 2307 1235
3151 2307 1638
3152 2307 2323
3153 2307 1916
3154 2307 1645
3155 2307 2596
3156 2307 2798
3157 2307 2717
3158 2307 2204
3159 2307 1739
3160 2307 1843
3161 2307 2442
3162 2307 1753
3163 2307 1984
3164 2307 1712
3165 2307 2169
3166 2307 2169
3167 2307 2256
3168 2307 2256
3169 2307 0
3170 2307 927
3171 2022 1026
3172 2022 1041
3173 2022 2348
3174 2022 1380
3175 2022 1965
3176 2022 2464
3177 2022 982
3178 2022 2816
3179 2022 2929
3180 2022 1890
3181 2022 1338
3182 2022 1597
3183 2022 2747
3184 2022 1056
3185 2022 1478
3186 2022 1553
3187 2022 1270
3188 2022 1159
3189 2022 1457
3190 2022 2836
3191 2290 2298
3192 2290 1047
3193 2290 1422
3194 2290 1096
3195 2290 1764
3196 2290 2934
3197 2290 1729
3198 2290 1139
3199 2290 2417
3200 2290 2885
3201 2290 2585
3202 2290 1855
3203 2290 2689
3204 2290 978
3205 2290 1861
3206 2290 2600
3207 2290 895
3208 2290 1100
3209 2290 1676
3210 2290 879
3211 2290 879
3212 2691 2180
3213 2691 1784
3214 2691 1727
3215 2691 858
3216 2691 1969
3217 2691 1005
3218 2691 2487
3219 2691 859
3220 2691 1972
3221 2691 2143
3222 2691 1925
3223 2691 2549
3224 2691 1507
3225 2691 1547
3226 2691 1648
3227 2691 1053
3228 2691 2635
3229 2691 2635
3230 2691 1236
3231 2691 1364
3232 2691 1835
3233 2317 2222
3234 2317 2145
3235 2317 1405
3236 2317 1413
3237 2317 1470
3238 0 1268
3239 2317 2013
3240 2317 2517
3241 2317 2664
3242 2317 1489
3243 2317 2801
3244 2317 1201
3245 2317 1201
3246 2317 1530
3247 2317 2006
3248 2317 930
3249 2317 968
3250 2317 2343
3251 2317 1936
3252 2317 2948
3253 2317 2433
3254 2660 1027
3255 2660 2555
3256 2660 2820
3257 2660 1032
3258 2660 1032
3259 2660 1216
3260 2660 945
3261 2660 945
3262 2660 2047
3263 2660 2378
3264 2660 2265
3265 2660 2265
3266 2660 2876
3267 2660 1968
3268 2660 1778
3269 2660 2111
3270 2660 1877
3271 2660 1919
3272 2660 2683
3273 2660 2777
3274 2660 1186
3275 2660 1895
3276 2660 1458
3277 2297 1455
3278 2297 2681
3279 2297 2490
3280 2297 867
3281 2297 2822
3282 2297 2368
3283 2297 2349
3284 2297 1112
3285 2297 1289
3286 2297 1221
3287 2297 1274
3288 2297 1261
3289 2297 2537
3290 2297 1584
3291 2297 2497
3292 2297 0
3293 2297 1161
3294 2297 1630
3295 2297 2741
3296 2297 1788
3297 2297 2077
3298 2335 2883
3299 2335 2530
3300 2335 1200
3301 2335 1202
3302 2335 1840
3303 2335 958
3304 2335 2771
3305 2335 2128
3306 2335 1358
3307 2335 1773
3308 2335 2841
3309 2335 1125
3310 2335 0
3311 2335 2448
3312 2335 1452
3313 2335 1452
3314 2335 2296
3315 2335 2284
3316 2335 2400
3317 2335 1043
3318 2335 1681
3319 2953 1757
3320 2953 1363
3321 2953 2429
3322 2953 2825
3323 2953 1708
3324 2953 1408
3325 2953 1408
3326 2953 1592
3327 2953 2633
3328 2953 1177
3329 2953 1763
3330 2953 1428
3331 2953 1552
3332 2953 1744
3333 2953 1671
3334 2953 2260
3335 2953 1701
3336 2953 1059
3337 2953 2112
3338 2953 2765
3339 2953 1130
3340 1698 2162
3341 1698 1813
3342 1698 2237
3343 1698 2250
3344 1698 1979
3345 1698 1636
3346 1698 1672
3347 1698 1672
3348 1698 1975
3349 1698 1251
3350 1698 2281
3351 1698 2528
3352 1698 1305
3353 1698 1590
3354 1698 922
3355 1698 1666
3356 1698 2738
3357 1698 1964
3358 1698 2292
3359 1698 0
3360 1698 2411
3361 1698 2411
3362 1953 1209
3363 1953 2486
3364 1953 2901
3365 1953 2314
3366 0 1982
3367 1953 2212
3368 0 2912
3369 1953 1376
3370 1953 1588
3371 1953 0
3372 1953 1864
3373 1953 2773
3374 1953 2334
3375 1953 873
3376 1953 1618
3377 1953 1400
3378 1953 1958
3379 1953 2705
3380 1953 2671
3381 0 1605
3382 2660 1871
3383 2660 1478
3384 2660 3327
3385 2660 1595
3386 2660 2120
3387 2660 1636
3388 2660 1832
3389 2660 1895
3390 2660 2901
3391 2660 3048
3392 2660 1337
3393 2660 2411
3394 2660 1458
3395 2660 1553
3396 2660 3149
3397 2660 3210
3398 2660 3210
3399 2660 2256
3400 2660 2256
3401 2660 3021
3402 2660 3026
3403 2660 0
3404 3000 2616
3405 3000 1428
3406 3000 2530
3407 3000 2724
3408 3000 2162
3409 3000 2248
3410 3000 2549
3411 3000 2130
3412 3000 2036
3413 3000 1968
3414 3000 1752
3415 3000 2354
3416 3000 1701
3417 3000 1638
3418 3000 1380
3419 3000 2892
3420 3000 3141
3421 3000 2777
3422 3000 2720
3423 3000 1753
3424 3366 1757
3425 3366 3193
3426 3366 3159
3427 3366 2045
3428 3366 1550
3429 3366 3330
3430 3366 2635
3431 3366 1528
3432 3366 1670
3433 3366 2128
3434 3366 2293
3435 3366 3010
3436 3366 2666
3437 3366 1552
3438 3366 1552
3439 3366 2967
3440 3366 2555
3441 3366 1855
3442 3366 2260
3443 3366 3070
3444 3366 3310
3445 2764 1657
3446 2764 1969
3447 2764 1422
3448 2764 2633
3449 2764 2633
3450 2764 2858
3451 2764 2738
3452 2764 2948
3453 0 1791
3454 2764 2412
3455 2764 2412
3456 2764 1935
3457 0 2028
3458 2764 1459
3459 2764 3300
3460 2764 3300
3461 2764 2683
3462 2764 3006
3463 2764 1690
3464 2764 1563
3465 2764 2343
3466 2764 1813
3467 2764 2798
3468 3328 1835
3469 3328 2544
3470 3328 3190
3471 3328 1507
3472 3328 1712
3473 3328 1964
3474 3328 2349
3475 3328 2132
3476 3328 3090
3477 3328 2334
3478 3328 2771
3479 3328 1936
3480 3328 1413
3481 3328 3081
3482 3328 3212
3483 3328 2448
3484 3328 2566
3485 3328 1840
3486 3328 2966
3487 3328 2296
3488 2317 3233
3489 2317 3220
3490 2317 3275
3491 2317 1338
3492 2317 3173
3493 2317 2801
3494 2317 2719
3495 2317 3121
3496 2317 3178
3497 2317 3178
3498 2317 2885
3499 2317 3229
3500 2317 2904
3501 2317 3318
3502 2317 3162
3503 2317 2262
3504 2317 1364
3505 2317 2150
3506 2317 1588
3507 2317 1671
3508 2317 2464
3509 2947 2314
3510 2947 1640
3511 2947 1640
3512 2947 2585
3513 2947 2523
3514 2947 2741
3515 2947 2111
3516 2947 2180
3517 2947 3151
3518 2947 1982
3519 2947 3175
3520 2947 1592
3521 2947 2368
3522 2947 1845
3523 2947 2042
3524 2947 1784
3525 2947 3168
3526 2947 3168
3527 2947 1305
3528 2947 2813
3529 2947 1391
3530 2947 2178
3531 2915 2812
3532 2915 3337
3533 2915 2605
3534 2915 1333
3535 2915 2091
3536 2915 2600
3537 0 2596
3538 2915 2816
3539 2915 2052
3540 2915 1890
3541 2915 3107
3542 2915 1662
3543 2915 1547
3544 2915 2169
3545 2915 1916
3546 2915 3044
3547 2915 2003
3548 2915 1324
3549 2915 1376
3550 2915 3313
3551 2915 3313
3552 3131 3240
3553 3131 2797
3554 3131 2281
3555 3131 1408
3556 3131 1877
3557 3131 2478
3558 3131 1672
3559 3131 3325
3560 3131 2406
3561 3131 3023
3562 3131 2747
3563 3131 2292
3564 3131 3256
3565 3131 2145
3566 3131 3129
3567 3131 1681
3568 3131 2708
3569 3131 1551
3570 3131 2397
3571 3131 1301
3572 2543 3145
3573 2543 2519
3574 2543 3194
3575 2543 3194
3576 2543 1400
3577 2543 2446
3578 2543 2986
3579 2543 3281
3580 2543 1842
3581 2543 2876
3582 2543 1984
3583 2543 1833
3584 2543 1597
3585 2543 1630
3586 2543 2047
3587 2543 1518
3588 2543 2934
3589 2543 1729
3590 2543 2048
3591 2543 2121
3592 2543 1919
3593 3136 1358
3594 3136 1775
3595 3136 2323
3596 3136 2255
3597 0 1495
3598 3136 2821
3599 3136 1939
3600 3136 1455
3601 3136 1861
3602 3136 2360
3603 3136 1572
3604 3136 2143
3605 3136 2945
3606 3136 1297
3607 3136 1773
3608 3136 1924
3609 3136 2547
3610 3136 3244
3611 3136 1666
3612 3136 2839
3613 3189 1511
3614 3189 2008
3615 3189 1489
3616 3189 2705
3617 3189 1715
3618 3189 1539
3619 3189 3276
3620 3189 2261
3621 3189 1843
3622 3189 1780
3623 3189 1332
3624 3189 1503
3625 3189 2417
3626 3189 2975
3627 0 1618
3628 3189 2250
3629 3189 2807
3630 3189 2204
3631 3189 2604
3632 3189 1975
3633 2290 2820
3634 2290 1739
3635 2290 1676
3636 2290 2717
3637 2290 2717
3638 2290 1727
3639 2290 2284
3640 2290 2838
3641 2290 1744
3642 2290 2689
3643 2290 1864
3644 2290 1972
3645 2290 1706
3646 2290 1706
3647 2290 1963
3648 2290 1470
3649 2290 2671
3650 2290 3013
3651 2290 2907
3652 2290 2517
3653 2290 2426
3654 2290 3322
3655 3242 3287
3656 3242 3180
3657 3242 3180
3658 3242 2237
3659 3242 1645
3660 3242 1479
3661 3242 3058
3662 3242 1452
3663 3242 1804
3664 3242 2575
3665 3242 2013
3666 3242 2359
3667 3242 1925
3668 3242 3314
3669 3242 2836
3670 3242 2462
3671 3242 3259
3672 3242 2674
3673 3242 2246
3674 3242 0
3675 3242 2769
3676 2691 3091
3677 2691 2612
3678 2691 1763
3679 2691 1965
3680 2691 2407
3681 2691 2429
3682 2691 2006
3683 2691 3051
3684 2691 2844
3685 2691 1530
3686 2691 2348
3687 2691 3316
3688 2691 1648
3689 2691 1321
3690 2691 2506
3691 2691 2822
3692 2691 2490
3693 2691 1498
3694 2691 2421
3695 2691 2528
3696 2307 1754
3697 2307 3215
3698 2307 2681
3699 2307 1466
3700 2307 3154
3701 2307 2929
3702 2307 2869
3703 2307 2077
3704 2307 1457
3705 2307 1457
3706 2307 2926
3707 2307 2926
3708 2307 2748
3709 2307 2215
3710 2307 1405
3711 2307 3317
3712 2307 1289
3713 2307 2265
3714 2307 1363
3715 2307 1483
3716 2307 2773
3717 2307 3369
3718 3364 2486
3719 3364 3114
3720 3364 1708
3721 3364 1708
3722 3364 2194
3723 3364 2818
3724 3364 3085
3725 3364 2946
3726 3364 0
3727 3364 1336
3728 3364 1336
3729 3364 2765
3730 3364 2011
3731 3364 3263
3732 3364 1379
3733 3364 2763
3734 3364 2537
3735 3364 2701
3736 3364 2157
3737 3364 2410
3738 3364 2524
3739 3364 3335
3740 2953 3052
3741 2953 2108
3742 2953 2112
3743 2953 2663
3744 2953 2883
3745 2953 2433
3746 2953 2584
3747 2953 1801
3748 2953 2372
3749 2953 3161
3750 2953 1493
3751 2953 2131
3752 2953 2131
3753 2953 1707
3754 2953 2664
3755 2953 1605
3756 2953 2378
3757 0 2123
3758 2953 1767
3759 2953 2381
3760 2953 2825
3761 2746 2815
3762 2746 1464
3763 2746 1958
3764 2746 2841
3765 2746 3188
3766 2746 1979
3767 2746 3312
3768 2746 1584
3769 2746 1584
3770 2746 2576
3771 2746 1590
3772 2746 1474
3773 2746 1777
3774 2746 1600
3775 2746 3098
3776 2746 2906
3777 2746 1481
3778 2746 2924
3779 2746 1764
3780 2746 1778
3781 2746 2225
3782 2329 2092
3783 2329 2092
3784 2329 3099
3785 2329 2687
3786 2329 2879
3787 2329 3252
3788 2329 2298
3789 2329 0
3790 2329 2912
3791 2329 2487
3792 2329 2960
3793 2329 0
3794 2329 2400
3795 2329 3250
3796 2329 2222
3797 2329 1294
3798 2329 1294
3799 2329 2212
3800 2329 1788
3801 2329 3332
3802 2329 3279
3803 2329 2442
3804 3366 3529
3805 3366 2769
3806 3366 2769
3807 3366 2178
3808 3366 2262
3809 3366 3662
3810 3366 3048
3811 3366 2334
3812 3366 2724
3813 3366 1763
3814 3366 3638
3815 3366 2036
3816 3366 2411
3817 3366 2966
3818 3366 2879
3819 3366 3161
3820 3366 3279
3821 0 2222
3822 3366 1965
3823 3366 1965
3824 3366 3639
3825 3366 3151
3826 2543 3052
3827 2543 0
3828 2543 2717
3829 2543 2410
3830 2543 3287
3831 2543 1936
3832 2543 1936
3833 2543 2777
3834 2543 3415
3835 2543 2442
3836 2543 0
3837 2543 1804
3838 2543 2844
3839 2543 2003
3840 2543 2011
3841 2543 1784
3842 2543 0
3843 2543 3682
3844 2543 3498
3845 2543 3099
3846 2543 3402
3847 2543 1919
3848 3458 1925
3849 3458 2212
3850 3458 2876
3851 3458 2741
3852 3458 3777
3853 3458 2255
3854 3458 1935
3855 3458 2128
3856 3458 1775
3857 3458 3778
3858 3458 3524
3859 3458 2544
3860 3458 3390
3861 3458 2616
3862 3458 2225
3863 3458 3337
3864 3458 3325
3865 3458 3740
3866 3458 2813
3867 3458 1727
3868 3364 1788
3869 3364 3447
3870 3364 3609
3871 3364 2497
3872 3364 1864
3873 3364 3642
3874 3364 3021
3875 3364 3567
3876 3364 3233
3877 3364 3615
3878 3364 3653
3879 3364 2506
3880 3364 2801
3881 3364 2426
3882 3364 1801
3883 3364 3546
3884 3364 3322
3885 3364 2359
3886 3364 2446
3887 3364 1877
3888 3189 3090
3889 3189 1715
3890 3189 2975
3891 3189 2406
3892 3189 1708
3893 3189 2549
3894 3189 3495
3895 3189 2042
3896 3189 1924
3897 3189 3058
3898 3189 3159
3899 3189 2869
3900 3189 1958
3901 3189 2349
3902 3189 2378
3903 3189 2635
3904 3189 2130
3905 0 3332
3906 3189 2719
3907 3189 2719
3908 3189 2986
3909 3798 3114
3910 3798 1843
3911 3798 3705
3912 3798 2747
3913 3798 2293
3914 3798 2708
3915 3798 2169
3916 3798 1968
3917 3798 2948
3918 3798 0
3919 3798 2946
3920 3798 2926
3921 3798 2633
3922 3798 1764
3923 3798 2812
3924 3798 3180
3925 3798 1939
3926 3798 2858
3927 3798 2612
3928 3798 2763
3929 3000 3561
3930 3000 2108
3931 3000 3612
3932 3000 2748
3933 3000 2433
3934 3000 3275
3935 3000 2261
3936 3000 3499
3937 3000 1845
3938 3000 2818
3939 3000 3570
3940 3000 2836
3941 3000 2967
3942 3000 0
3943 3000 3563
3944 3000 3576
3945 3000 3622
3946 3000 3679
3947 3000 2883
3948 3000 3560
3949 3484 3098
3950 3484 2028
3951 3484 2052
3952 3484 3259
3953 3484 3026
3954 3484 1791
3955 3484 1916
3956 3484 3663
3957 3484 1871
3958 3484 2683
3959 3484 3530
3960 3484 3220
3961 3484 2960
3962 3484 3149
3963 3484 3592
3964 3484 2901
3965 3484 2663
3966 3484 3168
3967 3484 1780
3968 3484 3190
3969 2764 2674
3970 2764 2547
3971 2764 2248
3972 2764 2765
3973 2764 1752
3974 2764 1752
3975 2764 3276
3976 2764 1982
3977 2764 2701
3978 2764 3737
3979 2764 2807
3980 2764 2807
3981 2764 3240
3982 2764 3504
3983 2764 2821
3984 2764 3772
3985 2764 3229
3986 2764 3044
3987 2764 2907
3988 2764 1754
3989 2764 2397
3990 2764 2537
3991 2947 2006
3992 2947 2112
3993 2947 2555
3994 0 3107
3995 2947 3178
3996 2947 2250
3997 2947 2250
3998 2947 1835
3999 2947 2121
4000 2947 3121
4001 2947 1753
4002 2947 2092
4003 2947 3252
4004 2947 2448
4005 2947 3070
4006 2947 2008
4007 2947 2045
4008 2947 1840
4009 2947 3659
4010 2947 3318
4011 2947 2343
4012 3559 3743
4013 3559 2111
4014 3559 2265
4015 3559 3330
4016 3559 3010
4017 3559 2720
4018 3559 2585
4019 3559 2143
4020 3559 1984
4021 3559 3188
4022 3559 3162
4023 3559 2904
4024 3559 1739
4025 3559 1739
4026 3559 2671
4027 3559 2773
4028 3559 3013
4029 3559 2924
4030 3559 1767
4031 3559 3527
4032 3559 3256
4033 3328 3528
4034 0 2281
4035 3328 3423
4036 3328 2464
4037 3328 2464
4038 3328 3759
4039 3328 3431
4040 3328 2080
4041 3328 2486
4042 3328 2576
4043 3328 3313
4044 3328 2825
4045 3328 2825
4046 3328 2360
4047 3328 2566
4048 0 2664
4049 3328 2292
4050 3328 3473
4051 3328 1842
4052 3328 1842
4053 3328 2013
4054 3328 2123
4055 3328 3791
4056 3782 3387
4057 3782 2487
4058 3782 1972
4059 3782 3327
4060 3782 3244
4061 3782 2256
4062 3782 3006
4063 3782 3421
4064 3782 3310
4065 3782 2705
4066 3782 2047
4067 3782 1777
4068 3782 2180
4069 3782 3335
4070 3782 3154
4071 3782 3540
4072 3782 3444
4073 3782 3193
4074 3782 3648
4075 3782 2381
4076 3782 2381
4077 3136 2584
4078 3136 1729
4079 3136 3575
4080 3136 2666
4081 3136 2296
4082 3136 3491
4083 3136 3491
4084 3136 2048
4085 3136 3369
4086 3136 2815
4087 3136 3194
4088 3136 2157
4089 3136 3596
4090 3136 3596
4091 3136 3453
4092 3136 2421
4093 3136 3480
4094 3136 2246
4095 3136 2145
4096 3136 1964
4097 3136 2348
4098 3136 3459
4099 3665 3317
4100 3665 1707
4101 3665 2605
4102 3665 1920
4103 3665 1778
4104 3665 2077
4105 3665 1773
4106 3665 2400
4107 3665 2517
4108 3665 1712
4109 3665 2816
4110 3665 3353
4111 3665 3353
4112 3665 2162
4113 3665 3173
4114 3665 3433
4115 3665 2150
4116 3665 3312
4117 3665 3461
4118 3665 2417
4119 3665 3212
4120 3131 1757
4121 3131 2132
4122 3131 1701
4123 3131 2528
4124 3131 3316
4125 3131 2600
4126 3131 2738
4127 3131 1969
4128 3131 3672
4129 3131 3314
4130 3131 2771
4131 3131 1895
4132 3131 2314
4133 3131 2120
4134 3131 2462
4135 3131 2412
4136 3131 3470
4137 3131 2689
4138 3131 3434
4139 3131 3637
4140 3131 3637
4141 3536 3081
4142 3536 2841
4143 3536 3085
4144 3536 2596
4145 3536 3250
4146 3536 1890
4147 3536 2822
4148 3536 2204
4149 3536 3597
4150 3536 2820
4151 3536 3688
4152 3536 2575
4153 3536 2260
4154 3536 2490
4155 3536 2490
4156 3536 3210
4157 3536 1963
4158 3536 2798
4159 3536 2407
4160 3536 2429
4161 3536 3594
4162 2746 1861
4163 2746 2797
4164 2746 3428
4165 2746 3091
4166 2746 3437
4167 2746 3686
4168 2746 3145
4169 2746 3439
4170 2746 2912
4171 2746 2530
4172 2746 3784
4173 2746 2838
4174 2746 3051
4175 2746 3215
4176 2746 3215
4177 2746 3701
4178 2746 3263
4179 2746 2519
4180 2746 2885
4181 2746 2681
4182 2746 1833
4183 3242 3129
4184 3242 3588
4185 3242 2323
4186 3242 2368
4187 0 3385
4188 3242 3334
4189 3242 3767
4190 3242 1979
4191 3242 3141
4192 3242 2215
4193 3242 2839
4194 3242 2934
4195 3242 3175
4196 3242 2091
4197 3242 3521
4198 3242 2284
4199 3242 2237
4200 3242 2354
4201 3242 3281
4202 3242 2298
4203 3735 2523
4204 3735 2523
4205 3735 1744
4206 3735 2372
4207 3735 2906
4208 3735 3488
4209 3735 3677
4210 3735 3300
4211 3735 2524
4212 3735 2478
4213 3735 2687
4214 3735 2604
4215 3735 2131
4216 3735 3023
4217 3735 3023
4218 3735 1813
4219 3735 1813
4220 3735 2945
4221 3735 1832
4222 3735 2929
4223 3735 2892
4224 3735 1975
4225 3735 3558
4226 3131 2255
4227 3131 2924
4228 3131 2412
4229 3131 3312
4230 3131 2265
4231 3131 3317
4232 3131 3317
4233 3131 2131
4234 3131 2664
4235 3131 3609
4236 3131 2633
4237 3131 4139
4238 3131 2524
4239 3131 2130
4240 3131 2555
4241 3131 2812
4242 3131 3318
4243 3131 2584
4244 3131 3570
4245 3131 3114
4246 3131 2616
4247 3910 3807
4248 3910 3575
4249 3910 2822
4250 3910 2194
4251 3910 4060
4252 3910 3498
4253 3910 3499
4254 3910 4042
4255 3910 2292
4256 3910 4040
4257 3910 3048
4258 3910 2934
4259 3910 3827
4260 3910 2497
4261 3910 3447
4262 3910 3737
4263 3910 3229
4264 3910 2596
4265 3910 3743
4266 3910 3421
4267 3458 2487
4268 3458 2575
4269 3458 3682
4270 3458 2948
4271 3458 3701
4272 3458 3955
4273 3458 3896
4274 3458 4098
4275 3458 3178
4276 3458 3210
4277 3458 3423
4278 3458 2906
4279 3458 2585
4280 3458 2777
4281 3458 3322
4282 3458 4145
4283 3458 3263
4284 3458 3588
4285 3458 2747
4286 3458 2687
4287 3735 4160
4288 3735 3867
4289 3735 3642
4290 3735 3434
4291 3735 3434
4292 3735 2204
4293 3735 3058
4294 3735 3013
4295 3735 4015
4296 3735 4104
4297 3735 3190
4298 3735 2528
4299 3735 3313
4300 3735 2162
4301 3735 3107
4302 3735 2359
4303 3735 3385
4304 3735 3168
4305 3735 2462
4306 3735 3070
4307 3735 2604
4308 3364 3576
4309 3364 2600
4310 3364 2600
4311 3364 3903
4312 3364 3259
4313 3364 3653
4314 3364 3129
4315 3364 3010
4316 3364 3996
4317 3364 2821
4318 3364 3081
4319 3364 4198
4320 3364 2975
4321 3364 2815
4322 3364 2519
4323 3364 2519
4324 3364 3193
4325 3364 3453
4326 3364 4048
4327 3364 3240
4328 3364 2960
4329 3364 3437
4330 3809 4095
4331 3809 3686
4332 3809 2354
4333 3809 3784
4334 3809 2663
4335 3809 3091
4336 3809 3679
4337 3809 2212
4338 3809 3791
4339 3809 3527
4340 3809 3052
4341 3809 3220
4342 3809 4051
4343 3809 4051
4344 3809 2446
4345 3809 3337
4346 3809 3740
4347 3809 3907
4348 3809 4009
4349 3809 4124
4350 3809 2506
4351 4216 2530
4352 4216 2530
4353 4216 3767
4354 4216 3663
4355 4216 2549
4356 4216 3914
4357 4216 2246
4358 4216 2400
4359 4216 3992
4360 4216 2813
4361 4216 2708
4362 4216 3540
4363 4216 2858
4364 4216 2683
4365 4216 4201
4366 4216 3175
4367 4216 3638
4368 4216 2929
4369 4216 3250
4370 4216 2348
4371 4216 3688
4372 3484 3804
4373 3484 2666
4374 3484 2926
4375 3484 3188
4376 0 2256
4377 3484 3592
4378 3484 3521
4379 3484 3558
4380 3484 2544
4381 3484 3433
4382 3484 2945
4383 3484 3958
4384 3484 3332
4385 3484 3705
4386 3484 3560
4387 3484 3470
4388 3484 4026
4389 3484 3141
4390 3484 2717
4391 3484 2262
4392 3484 2262
4393 3798 3051
4394 3798 3276
4395 3798 4029
4396 3798 3369
4397 3798 4191
4398 3798 4140
4399 3798 2406
4400 3798 3567
4401 3798 3977
4402 3798 3353
4403 3798 4219
4404 3798 3145
4405 3798 3596
4406 3798 3926
4407 3798 2576
4408 3798 2724
4409 3798 2566
4410 3798 3968
4411 3798 3335
4412 3798 2378
4413 3536 3845
4414 3536 2448
4415 3536 2464
4416 3536 2892
4417 3536 2838
4418 3536 3561
4419 3536 3431
4420 3536 2966
4421 0 2169
4422 3536 3006
4423 3536 3215
4424 3536 2547
4425 3536 3275
4426 3536 2635
4427 3536 3099
4428 0 3495
4429 3536 3824
4430 3536 4057
4431 3536 3390
4432 3536 3759
4433 4106 4020
4434 4106 3162
4435 4106 4102
4436 4106 2248
4437 4106 3594
4438 4106 2986
4439 4106 3415
4440 4106 3637
4441 4106 3880
4442 4106 3843
4443 4106 2771
4444 4106 2334
4445 4106 2237
4446 0 2429
4447 4106 4116
4448 4106 2128
4449 4106 2421
4450 4106 3444
4451 4106 2121
4452 4106 4111
4453 4055 3121
4454 4055 3121
4455 4055 2748
4456 4055 2145
4457 4055 3279
4458 4055 3622
4459 4055 3149
4460 4055 2397
4461 4055 3330
4462 4055 3615
4463 4055 3901
4464 4055 2260
4465 4055 4177
4466 4055 2904
4467 4055 2442
4468 0 2836
4469 4055 3151
4470 4055 3316
4471 4055 3918
4472 4055 3402
4473 4055 3044
4474 3837 2314
4475 3837 2368
4476 3837 3672
4477 3837 3194
4478 3837 2120
4479 0 2523
4480 3837 4012
4481 3837 4001
4482 3837 2225
4483 3837 2323
4484 3837 3777
4485 3837 3459
4486 3837 4062
4487 3837 2946
4488 3837 2349
4489 3837 3963
4490 3837 2486
4491 3837 3098
4492 3837 2769
4493 3837 2490
4494 3189 2912
4495 3189 3529
4496 3189 3334
4497 3189 2517
4498 3189 4114
4499 3189 4148
4500 3189 4148
4501 3189 2478
4502 3189 4086
4503 3189 2883
4504 3189 2157
4505 3189 2417
4506 3189 2773
4507 3189 3778
4508 3189 4166
4509 3189 2844
4510 3189 2720
4511 3189 3639
4512 3189 2820
4513 3189 3871
4514 3189 2180
4515 3559 3325
4516 3559 3090
4517 3559 3772
4518 3559 3256
4519 3559 2818
4520 3559 2681
4521 3559 3173
4522 3559 2807
4523 3559 4136
4524 3559 3546
4525 3559 2765
4526 3559 3473
4527 3559 3327
4528 3559 2381
4529 3559 2150
4530 3559 3244
4531 3559 2741
4532 3559 2143
4533 3559 2222
4534 3559 4016
4535 3782 3898
4536 3782 4165
4537 3782 2411
4538 3782 2901
4539 3782 2612
4540 3782 2410
4541 3782 3620
4542 3782 2885
4543 3782 3461
4544 3782 4069
4545 3782 2123
4546 3782 2719
4547 3782 3480
4548 3782 3936
4549 3782 3967
4550 3782 3888
4551 3782 2907
4552 3782 2215
4553 3782 2738
4554 3782 3287
4555 4017 3659
4556 4017 2407
4557 4017 3934
4558 4017 3648
4559 4017 2841
4560 4017 3180
4561 4017 3159
4562 4017 3159
4563 4017 3300
4564 4017 3921
4565 4017 4222
4566 4017 2426
4567 4017 2689
4568 4017 3387
4569 4017 3563
4570 4017 3872
4571 4017 2296
4572 4017 2801
4573 4017 3281
4574 4017 3439
4575 4017 2876
4576 3366 2343
4577 3366 2284
4578 3366 3026
4579 3366 3154
4580 3366 3612
4581 3366 0
4582 3366 2360
4583 3366 2671
4584 3366 2816
4585 3366 3085
4586 3366 3212
4587 3366 3212
4588 3366 3662
4589 3366 2674
4590 3366 2701
4591 3366 3897
4592 3366 3991
4593 3366 3530
4594 3366 2261
4595 3366 3894
4596 3366 3894
4597 3366 3677
4598 3665 2537
4599 3665 2879
4600 3665 3233
4601 3665 3233
4602 3665 2605
4603 3665 3021
4604 3665 2132
4605 3665 3597
4606 3665 2967
4607 3665 2967
4608 0 3314
4609 3665 2372
4610 3665 2372
4611 3665 2798
4612 3665 3310
4613 3665 2797
4614 3665 3959
4615 3665 3821
4616 3665 3504
4617 3665 3984
4618 3665 3813
4619 3665 2298
4620 3665 3524
4621 4174 2281
4622 4174 3491
4623 4174 2433
4624 4174 4011
4625 4174 2705
4626 4174 2705
4627 4174 3488
4628 4174 4171
4629 4174 3528
4630 4174 3899
4631 4174 3161
4632 4174 2839
4633 4174 3023
4634 4174 3428
4635 4174 2178
4636 4174 2869
4637 4174 2293
4638 4174 2763
4639 4174 4061
4640 4174 3252
4641 4174 2250
